9764
10941
11024
21284
24236
32847
35357
35705
38910
46298
46541
49853
55600
61431
68422
69448
78408
83411
85810
87502
88086
89281
99029
105246
106237
115169
136291
139953
143594
144453
146688
147662
147861
156198
175585
177849
180446
189986
192920
193677
197224
197655
203970
206835
214515
220896
221718
241580
248259
248539
248562
261650
263603
269082
274223
278891
279988
290011
299375
304022
304149
313661
316535
316677
317087
317178
321497
321529
326085
327043
339649
339791
343156
343909
347982
358324
362478
363278
363510
364807
369660
381328
388143
393303
393482
394313
411639
411711
412042
415105
425258
426440
434618
437873
442443
455871
458502
459656
464748
469985
474800
482844
488253
489415
491457
493845
501517
502157
502519
507339
510524
512096
512365
519945
519971
520117
520576
522425
530986
533960
540397
552436
555880
556753
559660
563755
564223
564675
568633
573702
573763
590100
592065
594214
598286
603073
609865
612027
615575
620277
622529
622826
627611
630796
639691
640339
641325
642257
645514
660625
663285
665181
667422
675391
679656
682087
687245
687424
695733
700392
703310
704929
709743
710153
710747
718887
723013
726860
735776
736560
756012
759490
784197
788574
795362
799199
803771
818254
820702
836354
842136
842225
846753
857940
877122
878652
880891
887456
888191
888349
892341
894509
895630
896109
896298
896384
913195
923354
924479
930014
934855
939130
940949
941102
962657
962815
963025
970608
977697
978327
982454
991597
996991
1001079
1004322
1012114
1013825
1040501
1040711
1041806
1060455
1063728
1067285
1067486
1070748
1073815
1075926
1076318
1078090
1082220
1082370
1082671
1083322
1088913
1089196
1089312
1097103
1106225
1130727
1140381
1146607
1147229
1155403
1167020
1191081
1191168
1193406
1195945
1201443
1205022
1205795
1230747
1231717
1232181
1252523
1259623
1260232
1260565
1260649
1263367
1264037
1264515
1279398
1279834
1285215
1306026
1307040
1318188
1320416
1321284
1324753
1325596
1326319
1335204
1349629
1349640
1351740
1353844
1356008
1365000
1370808
1377283
1386647
1386690
1391242
1393420
1395606
1401190
1401887
1418971
1436907
1437146
1438159
1440112
1443544
1444946
1454401
1457830
1464690
1465174
1468259
1470361
1473751
1478792
1479531
1484753
1485046
1493088
1493889
1502374
1503624
1512255
1519541
1524540
1527136
1528569
1528632
1537218
1537924
1553607
1554368
1560224
1560584
1562493
1565464
1575858
1578011
1578697
1593322
1599878
1603199
1608921
1611640
1611663
1622542
1624041
1627455
1627581
1636241
1640202
1640348
1642745
1645186
1645932
1649900
1655418
1657768
1661448
1661507
1670272
1678937
1681470
1682295
1692919
1698277
1704329
1706355
1707141
