1206739
321776
197046
165326
751308
436884
1390810
506296
1431419
1080660
199680
1672510
1484988
1287808
1265096
70388
1581474
1572111
504591
799817
78768
1511384
1301408
1305028
1327457
403166
12886
1450526
1199439
869653
1585228
1501163
1018745
71465
641254
1667816
189678
591084
118389
37063
1587119
1529313
657300
1072804
1446291
1121882
1389214
1096425
396112
1294368
457379
1393742
120165
1446057
399822
841021
1697622
1033142
700540
1360559
1529721
1089411
1206496
1626540
596426
1608820
427010
1183498
426792
419157
26756
806267
422053
1706743
699741
555402
1217481
1178117
1197157
1473611
42292
399861
713691
1666081
541811
1265234
723620
741792
838509
56009
99810
1051721
135128
580098
486129
229426
647286
976933
514021
800567
1561665
85454
1569967
1643186
1602329
41501
1029459
15433
249124
489858
108577
675229
794653
536892
405346
654170
1103305
1656406
795717
800774
1041941
1340968
1606547
450773
708367
606882
1155215
852935
90982
885774
1223427
858183
1271171
230609
337179
1611398
1151466
823044
720586
972348
897161
1209575
738281
1531576
281314
1159429
1308402
99122
1146810
60880
641083
1431519
835091
1539058
759198
695016
486137
616457
710148
1478838
1072455
1078732
1564817
895162
788457
1554034
488420
1052446
1395228
35410
1262121
793784
843333
585211
1542235
351618
486094
1221254
806313
978565
971960
49992
930324
1293717
1034431
15922
1079358
235037
1191416
635748
671176
79851
1057123
364629
1114291
451405
1160032
635680
312661
991319
167378
645899
1009108
1076339
1568464
1256174
795110
699529
665404
706703
777913
201716
580377
371087
943792
900329
1215789
1569468
1031218
799938
1548119
664591
1147720
473128
316458
1561719
1604679
1467611
1051136
1396455
1230783
1460808
1384650
323020
490831
763317
1355902
71417
787884
865364
920221
570601
1230638
1494501
429430
1595081
1263920
925134
1485199
1539640
251294
734134
810538
1401715
1342840
436781
1574624
1138722
1232923
1151303
706471
1242721
917202
165567
428877
314022
1296141
919118
915872
655623
1047475
925679
27407
1237539
1242627
966635
1117347
403162
970281
823869
1187688
939879
1179414
88458
238142
290891
1402867
388189
1050826
96680
1117705
965537
995295
291381
1019500
1459209
432740
764179
771424
334798
1403161
1340044
1006914
1358141
505328
607524
1122269
398862
1321618
531528
1548157
228747
189826
71969
681398
776979
1446199
802804
782140
1123209
909868
1695315
1634272
1321362
570877
826802
1052105
439249
1177972
1020146
55988
1675695
561534
1664909
1067840
80493
1395407
1136053
1563069
1512277
346497
1111744
1011423
1361676
313348
1484262
1006077
720519
342147
1019533
565626
929097
1503894
718802
1334378
496778
1168709
1367145
1624479
1054927
641795
1080560
537215
284359
1176780
657570
40914
1231980
1544785
878174
563751
1618511
1677104
1097059
715824
289810
1082930
1325481
781744
591962
1405336
179214
565871
626180
801327
1514612
902398
1256354
1473317
27102
1438214
872324
1307320
1421065
180397
1052229
653172
1572223
1009037
423163
1542950
1203847
1057416
360687
225187
1355984
1450195
826991
1624722
353532
1138850
1085258
1620215
1302673
1010198
1257326
1524355
1181699
1294621
1422269
480304
883089
979586
313508
528422
489661
280478
157412
110344
421566
506778
322983
488838
393087
340961
357193
1556823
1301941
823637
532919
1709566
1575227
928782
1057527
969071
1005387
1093982
826676
403009
165466
794696
175247
564288
1082227
52284
756574
923342
834588
863901
126528
1705313
1389331
1682432
806927
1002057
826920
326971
1219685
1466436
1103589
1076373
1277413
521306
1144718
1672152
540300
706265
1350178
907293
890399
1009587
1045364
1491988
126534
812583
271925
913041
286038
575220
936334
240870
1559143
1555037
1006591
975536
1480775
1440203
60434
1204072
693233
253223
301190
1367437
1565483
601878
705545
1241745
983003
791718
1250010
1519505
1181124
1485742
417729
965955
1115600
416034
843792
196603
922197
873139
197956
395591
934553
697519
405552
806971
1073148
58717
1087436
525885
669039
1442889
343128
345303
453648
524544
202603
1363849
478371
1673272
677275
630989
690956
1636344
812055
17756
1150223
1117101
1252967
1329641
931252
982087
498582
1940
868651
419812
1253060
246619
635544
1622180
489838
851812
1242242
848349
1275032
1544087
790459
748231
1647623
1167593
585693
1580402
276977
1323649
675920
1253210
720582
407328
334426
827014
1507539
1357963
1003461
800806
783813
520320
565834
383032
919254
502534
55150
717481
131662
403102
538400
117654
592857
978534
1094782
140335
766793
718771
1006565
1386789
1319680
89191
527948
104266
128818
96248
1300489
1115160
340630
1267405
1486225
946590
528207
438496
1052409
1613126
508915
135382
256066
1062079
1313573
566187
997405
945563
947541
908044
1159224
1463035
1516121
1437656
638769
1594693
1337800
330807
402640
71707
653587
1641134
1618521
447994
1166985
472737
402867
1174815
534446
433479
418721
1331206
966928
578259
483368
757714
266396
1632915
54063
1117311
71496
385270
537640
1554417
859390
1534669
190897
897123
589706
606995
599355
606769
1364305
1222884
597888
1016034
81596
82365
1276255
1064931
1419724
1609919
349920
793765
577202
1549245
836679
985560
1116158
646399
399044
972930
1280728
546608
1514508
548511
806636
1058944
919712
787354
467559
1014417
1259850
122237
1278955
785219
1411156
483093
838079
861359
419802
1506639
1419345
423830
566104
407335
1648054
1352641
594242
1334770
126137
342504
126454
839149
1263100
486520
293425
32834
51265
1034312
896457
902598
367549
1575130
294479
1616308
27627
531867
1079242
1357852
1067594
1037564
1525324
533255
1195745
38020
1682966
1615844
794863
301362
700993
1243515
522411
635461
693626
568995
395709
1421233
430286
901326
806447
1196168
590116
200633
545464
1037551
42878
1157118
1541461
893895
106842
1696596
263801
1215956
694591
905410
500764
1008864
369949
302099
777055
127513
1004674
804684
89732
82378
12233
288060
446622
1230313
182061
1207226
390788
1522726
1514280
598192
53072
1217510
417373
525793
1576775
317932
1647624
770949
1628858
657380
1327625
253472
893611
387481
1490488
418651
1298236
58158
533615
1314133
117283
535734
1261510
932516
1386680
753068
1222965
357455
856275
331088
592042
957594
253638
79486
1494212
1557569
894333
1665126
624743
40528
571305
1619726
822868
1139026
197957
35815
1242302
912188
1203990
862256
838444
1468847
915088
415141
391188
1484893
277682
820008
1645750
697605
766699
1013646
124815
110750
3959
698211
726554
984589
1052709
912531
788117
690576
266987
137283
1090335
401514
1539949
1525265
488986
1594825
494830
1203353
1083536
598760
717733
266730
1574992
1230159
1709105
1402449
1445625
191989
1687244
1222058
1541097
455055
1152375
246193
805634
1276264
916362
555379
499114
1043845
407881
709612
1660298
1556339
402987
12711
386418
503375
448282
489664
1570790
1301690
426586
173081
348460
1085051
900760
786140
1634097
1597674
706307
1591717
784896
1542619
641763
1229533
1568351
1554330
328806
391231
1624481
1433715
90022
389049
70616
127040
132507
1652294
466395
1008245
278615
435593
1015476
633547
65596
545341
80326
1469768
1532827
878690
1503072
313412
1107843
1359807
589975
1028332
133600
600659
1435365
1688514
238520
740502
1096106
401642
1297165
670121
758051
156623
137062
958295
112433
1671170
5491
599520
766434
232726
1627850
172897
12985
1460087
1062060
180439
1366506
1068064
9980
1508012
156547
682315
1659440
858242
78662
1655233
896561
926420
1541507
481109
1567189
185874
757960
1256721
313282
1070339
1657612
365183
1016937
200381
671585
1097706
641474
1166259
1125522
711083
1743
1128399
75701
1345733
1628970
671545
666155
573811
443992
391291
497939
877672
1099740
93909
342087
993561
344919
590762
873111
620683
1687505
1455499
410304
196117
903154
171569
885048
1687775
1308764
198876
774711
97912
944342
1079314
794946
1464131
469723
1617564
882719
1489775
953624
929735
216618
504344
1171361
498878
1519543
237135
898414
1051024
596888
469383
1604214
462119
834116
74238
1309029
539837
237563
309294
782924
1257327
461260
823758
1196950
1174345
1498468
1294536
684051
461578
1473414
1427796
1458096
792693
478832
1549198
415709
335577
432504
167864
572087
1691958
1507066
1178538
286804
690746
1462627
658989
212352
221513
295228
515312
1323881
1112448
704190
253926
1379943
417041
598250
736827
676742
1637668
1444079
1614494
412399
148601
606797
696246
1392112
1098656
1368584
977706
1626265
535428
1065389
1045238
182182
771900
77452
1305899
223459
138603
949267
914083
1224264
1487705
1484586
23087
562420
1670835
738087
48093
568829
60697
1538741
743464
1187589
812105
502558
1313553
1514222
26936
1550363
761938
940529
487165
900915
548527
493957
319097
1351785
1335149
769576
1428913
574168
1056604
152754
17101
756233
1703514
17460
1223949
708012
364781
890410
856600
735717
1386843
582825
111603
1490330
864870
263532
1074830
478218
1597684
508368
872081
800772
1685733
1009943
728014
80098
1588093
355290
898389
1662436
757851
682789
1530086
698601
200125
979165
685315
135420
628993
535614
1523157
642441
1505481
865900
537956
711068
1540803
484694
1246914
972543
74198
1543049
1650573
1209288
1034741
1543888
1013052
757125
599532
421809
723457
491327
391046
1228966
844374
1361396
841525
1472539
1353388
22291
1662621
1178159
525132
353273
569441
1434139
187951
1600272
162788
984887
430164
1682039
593012
785242
981350
533052
919270
796478
123815
249735
885398
185343
442468
1679057
1173702
1650151
77873
478654
7455
934895
1041283
253012
32236
915990
592313
1625190
1450447
914843
1421621
891556
1407632
1486134
437071
394642
535867
6496
505979
1254937
1008343
323437
1621227
737871
1316682
1502433
1260219
1545127
1019638
699994
1582616
85269
1173576
975943
196174
742567
673938
1065424
542828
658685
845482
1068312
1543851
1378813
1052285
525533
564513
402250
82749
216611
19353
1610189
42765
292787
795483
54431
1178067
883564
1487950
508080
916358
1437488
1463980
454275
465019
638559
1242441
401840
852225
754841
1271583
1266195
167948
152724
1663758
1394024
959105
698301
637822
748585
438024
1462842
84438
871854
661401
1098889
493481
1218608
1603385
362624
1005440
971430
1138277
1049466
1227693
600695
927313
1117685
1382529
1471267
1625163
478151
57503
181580
877243
431328
1435184
356433
988478
787170
596549
1309583
1259825
1505190
1200910
884266
1362271
1036156
977159
901314
573915
1413916
59210
959298
996097
680926
375692
646788
23024
1097158
882791
296171
1541519
416682
1206143
1595730
1010535
1672670
664102
252728
1466430
1073754
431131
123017
528921
1095874
756033
1597856
1039638
733317
375969
788986
1573280
926542
1160384
96043
82818
1441775
1004722
1514437
1382521
1195486
592868
682881
1129180
1211876
1156907
695893
222225
671308
790221
1006064
403194
690700
956878
1662129
1120919
873889
756281
722668
799632
1324078
950802
724469
710657
1364772
1121102
349685
151740
785477
248952
1587273
471137
743714
1527139
331047
1205074
335663
41365
1655305
428283
1233882
242687
1152324
837722
851960
1001647
931308
1337557
402734
1367275
1526143
1663287
1648673
509942
325759
807096
1068087
162596
1587770
1101840
1266370
1017921
1325861
707230
161094
392275
215055
1200938
1080047
1462745
718690
282639
520915
596055
464624
403322
531618
890176
1628104
839182
2544
1477687
981445
1258451
248920
163572
645881
1537901
1410586
389736
398307
1656847
852637
142874
395817
194517
1165314
153439
1203474
1308016
712653
1355729
1403835
1359899
945226
1490207
437749
70037
1123939
1285823
1060030
499106
533010
632789
606020
400665
1203151
591339
1024281
976174
1275419
987276
1062853
80599
533434
1051580
553238
215388
300755
657798
520261
1194753
1605157
1492507
1539747
1595422
996404
395987
435363
1209954
390772
366456
698772
755180
778796
922880
112986
1325933
17022
1198701
1489566
1481731
499239
1046150
1096148
76060
206607
23004
475961
129453
74712
632753
322771
1350033
771875
795090
571845
892233
400993
1673206
1170093
984088
919733
398333
784544
395634
1179458
183470
1003934
852671
1111665
793334
1638069
1470937
188151
1490321
1460503
1670954
643300
1542181
465492
738541
1403573
1170083
334357
742228
1499156
1304568
562029
638394
1075283
947064
524913
137916
951103
1465125
851874
824527
1251734
464557
1037697
487032
1136792
1265074
652959
1633214
737014
450925
1031999
144095
808764
1382106
195144
39965
1066459
95347
210950
471223
980564
1651241
180644
1030315
1205117
666127
319248
427020
1433915
1094976
830107
888962
782373
1577716
1175995
432549
436844
1325568
284612
698936
807165
179710
745072
786160
465043
648606
806837
1570469
1052281
1226982
606745
1650962
1217998
689072
350220
603334
946408
751808
1158601
191656
497094
265239
1115487
724214
1112697
1308305
459259
1277738
37073
987459
813377
43247
496889
1262200
120723
1419608
737401
128277
314061
1642918
1197230
1050184
806433
950239
542854
632788
223202
1140263
1388605
683281
827100
724200
543305
871073
754036
1065185
795223
547910
818769
384998
54253
1570096
216892
1188942
388445
1570956
322638
848483
1549217
1393643
420151
227980
17001
652025
1564714
1452500
1669685
1089420
202957
1580033
591377
557848
806899
90637
1040174
168014
872506
347850
1032723
487620
975807
1195688
1667544
342003
795474
594149
1691507
1144228
1569496
715587
873021
925272
226817
1223995
1203590
600983
1433535
1587926
1422226
1684637
425839
1509122
541554
990378
1151797
1270804
1485035
824120
1019559
1454685
420558
986058
376155
472989
556124
1033360
555934
1511342
353171
521522
799423
571171
1361714
373485
544713
214386
389940
1503090
1643498
527792
473840
443492
344582
800494
911467
1228888
1550289
135277
1427432
1549655
1261600
1507197
823030
594446
488832
728822
383840
976779
251414
180807
265575
1199188
1459711
421872
179624
850072
858939
239879
132059
1709550
659088
906625
1043477
1593742
1550281
1143107
1360811
175606
110489
106663
173755
930015
573080
418100
799431
1371596
418227
914580
1382407
1349043
287172
1118507
82875
787722
837397
226753
686275
669399
71613
1096286
1183376
307615
130290
360116
1308204
927575
1600918
1295734
1346303
1603001
981736
42239
1608919
727281
1500139
1371227
1081753
1306065
565698
3500
803719
1052259
1140226
561124
1622604
964344
1670655
803800
181855
745290
851229
726649
1099365
159236
681069
151157
876548
138468
738572
979116
1130055
1498086
1536887
1622565
189752
917525
1419035
1005033
1164232
527986
13733
805671
1178480
1421500
771912
944701
520451
362820
1330149
1482614
122562
866348
635821
1097670
798887
263974
131938
416333
605850
460689
1078518
573740
896899
822434
1362261
603124
1045770
886785
501934
284554
369981
389480
289196
1058804
541846
1443698
1621660
198750
924718
671919
402681
1287514
1548677
1041408
1033206
705958
871770
590118
757328
192331
117494
386129
1168565
1044658
795265
1051486
861834
82741
1572757
75951
1450141
381160
324505
1410120
987887
601695
1507832
1201342
680189
302190
242427
119552
671896
1082270
1195808
960039
559583
996601
414385
385015
1013560
1701598
745712
264664
1658986
979547
1077794
413121
1242906
1262025
499014
1262022
828829
598975
1637395
296117
820045
1388006
869838
520334
793553
683153
1461014
1578878
63005
362740
1636432
812763
1289559
1254909
1146040
691353
1145420
1108099
1440216
1594784
1146633
1435384
940500
1709670
419734
942062
165594
1117988
210169
1138371
751246
437994
1542730
1260817
1630058
974326
1265370
766754
808798
1307637
493543
46592
1075946
895358
969100
159024
442215
512892
38152
329262
1175117
113295
1548916
751327
1501055
1540450
1585409
417335
1139447
1036579
770737
946345
1162400
1097699
443642
640544
402778
931707
402484
1317870
1457048
1287192
580268
1554653
806353
754
1383012
154115
1016299
715721
508853
462061
610052
1033648
796730
931894
1345287
293350
278064
1387849
1371946
431336
183741
610555
724142
1085501
990449
285611
438201
392462
1612873
1132317
1468350
1006402
1500091
1513015
15995
1607671
342697
763142
534328
108251
1337995
806387
66674
855698
281839
640329
219287
234265
1064818
23253
784237
217605
1244794
1240337
1519846
1473284
490464
1313747
1507287
496569
1588138
828922
1079142
850629
230471
676161
882494
8054
308275
795453
167055
1049080
453883
18872
330909
438602
171702
590226
1604132
694564
1654429
441019
806493
391112
264122
582178
1075138
1115321
1309083
603204
1051348
596811
846020
751323
1065539
300346
1098492
177669
778891
534459
1036973
953219
929384
508412
759856
1022670
996664
526692
1004259
15956
1291668
581647
1042007
71718
1268769
685915
265992
912395
202952
282343
115927
1709320
1142873
511881
627880
930542
1095017
329308
177844
875484
1690885
573916
1060721
472971
860000
829835
1165351
526730
570935
1393645
305025
357335
1405702
1569790
1078989
1495089
1352901
1144117
1319780
1689595
293813
1567557
631542
80654
1452567
1096815
51233
1302976
789676
419885
849376
1144695
878251
199971
766307
38560
49742
1666364
344637
835366
121019
914810
132438
905596
872890
56190
300358
198612
1519141
1202741
117102
94556
1639399
1116110
706472
1639492
547538
104141
584281
275857
560879
839045
790450
14142
1332880
1255857
290227
728924
532541
543082
738443
1142375
829254
952672
697905
721635
197524
1351221
1254892
1274409
1150496
125713
7937
1028005
809200
1401878
731186
674815
1107945
1612397
820169
312662
807186
1567681
132782
1199474
137380
87596
588860
1624235
1242976
1582130
443389
51535
1595338
51023
671964
1657394
116889
1036400
735482
615613
1246023
1601923
536258
904946
674120
618823
1042160
1261872
1228758
1554346
64876
838956
470149
601240
1508924
1532056
1620729
1656389
248187
1630483
1697233
744341
351700
1098884
869111
1182102
95849
622676
719639
1500803
972182
1267554
1305805
1396225
775926
135653
1601288
1701712
815308
577881
363853
1385834
1313660
1416686
448538
1114903
894233
1497672
1394460
1176039
1115061
1362211
1114623
1685308
1643705
56339
1632167
587067
142256
389383
929847
354549
1520634
1631435
489411
726998
1199753
700325
414614
1402864
1114122
1430917
1674808
263813
344705
1324762
1636363
1409825
849960
1260619
1500377
110368
1614427
255942
429412
703172
140485
1078729
1647885
75526
586859
1256029
1517867
1267850
504578
807069
1362625
555534
250070
1330639
633255
1476624
1195893
1411121
738058
1694107
1462815
1243065
1450735
692260
773857
1176420
220164
408047
355284
847947
765946
398586
267203
132560
942591
735987
1365903
1532695
36660
1078069
989843
324115
257523
295836
806755
363665
1289193
766282
89051
450125
1121285
1010404
1417015
1650387
1497750
1490089
691269
1367182
537402
565555
572922
311812
530886
1073957
1315842
1386285
313925
423307
1208409
427880
457478
1019584
1639372
457803
1114656
696313
538121
1323364
467510
1439571
305103
381431
1402737
1622444
920024
976366
1089425
190893
142341
1129628
892100
432282
565111
872581
1173836
1457201
428037
237274
336009
1174144
1106021
1190371
465749
290600
797701
1694876
738301
140235
1664074
673061
1238451
138256
1046456
472972
1451400
1243708
502332
521681
1477722
16767
639055
575111
900877
977489
1547038
224206
610286
425436
611353
1636371
833283
1385128
99873
1546466
1683506
450747
728876
27519
1233839
1078858
1030257
1695411
951847
610267
1309835
1113271
822880
598741
793332
1389516
245177
451936
1244025
1262095
732632
603213
642003
634971
1424278
1457949
863801
1166457
1276145
1276505
1376334
684322
1613109
912310
972011
1005616
1403484
288965
1688486
623723
1110734
799781
106995
1019482
117338
90943
89762
143857
1518599
1706404
437431
1242405
1059594
77847
277092
1444899
466897
909778
1497916
329938
250060
723795
195223
570209
1666264
707452
1489608
635824
989154
821846
85230
223076
221128
1408408
89573
412512
1263397
1462308
1103446
950624
832968
888101
1390278
938469
562288
620771
1673409
721055
1545240
1330187
454868
1473819
766538
1197692
1675091
923954
169641
160922
883374
902255
1565039
727918
1090762
68057
1384170
759874
1626712
432389
1013791
1498021
886433
1556638
1491511
1534798
950998
777115
122205
318977
940628
1430166
1334644
1427958
968170
1019622
909803
177611
1637222
378508
903664
988233
20604
260826
807192
403960
1607027
1353983
641652
611786
895119
7466
800336
293943
1265906
947420
14648
324565
1108534
1473404
1514709
1019615
258833
770831
1651616
1275834
1499776
1117532
73934
1332864
418345
270888
1623844
1228213
1359770
132256
693194
530948
733730
1499374
729019
1672840
984093
594236
420818
1358928
36440
402827
471773
1621940
1045519
1375404
669005
1018669
1046048
8263
1264111
1280702
201658
1178778
274354
786457
1550416
1443555
325107
940673
1018529
1705489
112385
1513396
1371544
238831
1702235
171793
861836
1038190
1211675
143256
1133309
196428
823286
436129
44278
979770
875352
1643714
666768
806074
422745
1068079
1056822
890522
1156271
299320
531870
1174753
789129
1692633
1515762
508492
850562
390033
710352
625438
423218
417052
461044
1519299
599056
458363
796354
1141326
922841
1457749
402884
1022525
875970
1041890
530642
827361
1275846
850073
988217
506498
638884
531996
722721
1051251
309206
915563
933523
839111
869486
287140
822209
683053
883396
408229
90654
1194478
1025731
1230802
254140
652523
1516319
1327497
1171773
200341
553416
569352
1193946
732128
438267
1028038
976345
1519320
1386744
355458
1117640
643082
532477
293615
1510559
530012
1581507
257233
471344
1221575
509059
1144574
1050902
1100977
1672192
355724
1538411
947359
1467223
117671
1672298
1304339
1137485
1216352
695257
160225
902166
1609077
773045
107106
1303079
1132312
967277
1487812
969675
805495
1298137
1238297
1570778
1060314
194430
899756
987689
532742
1288042
300290
1346316
1001847
203541
823853
892378
796680
1271687
398525
372560
1547970
1106659
765047
1163572
385916
171718
359690
536611
541004
770407
378480
880231
799211
732654
1037478
918649
1205162
1627995
471
398909
493413
828851
1198985
451684
401040
1403889
718301
669717
414982
127185
1025159
180048
293703
520509
297967
1163474
1010507
345433
1079691
498085
659988
1352466
1010565
1264889
468428
790825
1473747
453115
1652151
1099942
486797
1518945
1420731
401694
1419683
1078323
808175
1671606
869748
1708610
1541278
969964
173420
473388
528203
1639466
398946
1522090
703075
1639930
845488
1050355
488582
1502642
1046222
331863
1270240
866485
949726
1577058
1007652
1337258
606456
1199410
1403627
997811
1706563
1500871
1392639
108358
1118399
1001966
1198118
1699577
870862
1150685
1019488
1288915
1482715
1231489
1096563
751479
1205496
1169562
391361
1099892
897863
1673308
591333
1678916
790367
823211
1475804
181444
530309
129075
29147
981535
416816
1355530
1360212
253471
974976
1112973
564055
925797
625531
345076
558085
70103
766580
1644588
864331
438264
818448
1367203
1479512
787619
772965
6219
823604
1233883
417701
80839
359952
559584
1392005
901935
1585812
23567
1695304
1198676
1340367
642047
1530447
820122
90250
1201737
467870
1501292
1530220
1177394
1491216
1298510
357016
344631
1514165
487693
1500468
1480912
1170691
653472
1587152
423271
1211131
133475
1549206
168820
1088558
566697
1296079
919231
1425042
979430
1016160
855905
1420926
344650
246708
1199618
557164
1615737
395931
1704946
781922
671456
788262
294704
176101
838551
963777
841818
1544129
694730
1078622
545684
532959
15230
1366249
734666
1228849
1425898
571278
347228
309757
1152643
333080
1211507
466809
595202
1532388
423472
999981
856857
1320155
1419117
383306
1560268
477804
599199
733589
146334
159852
601508
491837
1047055
933885
706747
774245
812276
1193115
1641881
341123
279042
1564270
701442
1535026
1646699
788533
268942
1607484
741741
1042142
1334921
1402193
1642965
807182
419695
1643174
1042040
1504350
1661013
1142510
1508942
1561684
62906
1475970
365498
1468059
1158185
1099905
846729
141033
1375740
886594
640927
151756
171042
342434
1640387
1695743
640409
1502479
395638
1111573
575193
606192
133857
117950
353371
357283
984356
1548016
849224
929248
1010037
1369919
321552
623729
1152196
1427146
913941
557726
520153
1661103
945565
122140
766751
737784
1490717
1686068
992318
878839
1597425
838575
1511064
1034789
950314
1077639
883230
485927
1042793
1310123
432028
1170824
250485
1672587
1105080
768781
667706
1273160
262382
1590273
1028495
1462930
1403748
720228
1087717
90741
526076
163114
173457
1426014
353503
920452
200224
1309128
790936
447913
1633836
1556015
153589
20209
1233915
1197775
1101389
893547
1176281
530956
1163581
1241852
606499
1564993
1040538
312045
630825
1073452
1348607
506572
173283
942628
856758
1556126
333176
1181853
424816
974371
777722
1294101
91235
654204
163834
1452356
1286830
891363
822955
1621802
1515225
978110
1272603
1085266
959778
1536868
613774
1073666
1243238
973493
1560331
149037
1439475
323868
1629155
592690
869515
564669
1398925
502553
47926
334392
498520
596984
800029
273573
934483
203334
822085
321316
823110
1538921
34019
1318357
743706
393547
1652438
1026488
286902
52820
1072075
543193
838409
704550
1130416
219575
1468279
931172
1534924
592747
1327065
444395
160177
504215
1337843
802843
813335
1439116
590198
1220070
26002
230180
809202
1338342
1327593
1050737
178637
185527
265531
685423
1541829
137247
1501017
1284669
662816
1039826
1687386
425786
1403786
1481105
229672
1611335
973106
827169
1116853
823346
799963
1694863
1665592
192976
864337
494350
502974
356920
1142013
133360
1494496
1113161
769520
999993
382208
445336
52879
492395
173109
1141187
1256627
1291646
1289125
541490
705448
666208
1539968
1105075
930149
1670613
1517798
883263
822820
508397
486199
1223114
556727
237423
195474
238717
411825
788902
48844
55205
1085126
1624085
1693933
1470570
18037
1224114
969689
728856
430585
1109658
1084928
790628
1413247
1276249
1257236
464725
696514
606413
1216073
1004157
1118345
987942
136111
695705
1495827
885888
42836
245575
595609
292972
562786
116656
82358
1193875
960178
732568
869909
1265514
1710379
1392151
970513
922920
1460106
1266148
362433
273084
1233904
1073691
450524
1013504
1360305
1182252
11640
18019
971986
971854
973806
528261
925946
594564
1709220
1333408
294556
1585821
686833
1527051
1512727
996028
1186200
564732
961316
1365042
400399
301591
89919
1110259
568551
247713
828533
1065282
452787
923252
500997
785704
809984
1076773
798622
1346375
503723
953681
596704
1602665
1071285
333556
419827
315219
680620
431150
1037251
1000783
433449
476901
707593
591728
913333
346607
861964
1528372
503956
80707
769714
1068736
95077
1184198
1318609
970785
1457956
709610
951182
1674762
118200
378661
337820
1578306
1471800
958796
99186
476316
1470165
1326928
1518459
1386836
1613347
316194
766766
374774
1266560
40181
1391285
1163832
1149332
177308
777412
384630
633048
1348550
1054078
1172189
605157
835698
1100869
1160877
50194
5458
1275374
743814
991898
598356
1141309
296904
542540
923211
1457935
255997
879580
758834
756879
822524
1407765
1345153
1384525
1207124
827593
910339
1069226
80157
706175
1446463
1169656
1532354
806189
537191
1457360
365885
1608962
979200
1068878
804324
1117164
1045767
296893
1667353
1515557
667149
1651231
611381
811263
157330
539603
722107
265762
1469994
555948
1386247
704750
1222957
930216
117913
335244
306548
1393896
784373
775628
1402968
604691
1222239
226538
1164247
722342
488501
1065265
289712
1481040
365981
609278
1663731
1460663
438507
694169
1450709
1681541
393998
329122
1593556
522435
275707
1290532
928347
401938
443112
1467431
1233274
1689897
296886
1052295
1695590
313850
283092
819878
933423
787114
1695565
662107
466758
1286077
988543
20365
539057
970525
1000067
1266349
386247
922127
1112069
1103777
907874
312070
854940
1549305
1604109
55699
2299
528502
529061
1635668
423010
629012
963169
1203285
752962
1609127
1141552
616279
126854
220435
656947
431670
1023766
603487
982299
729028
1043543
153046
480247
1001343
1032435
1373960
423357
40690
1654199
1520098
453859
11483
1462660
545920
560687
1118268
633559
1536494
920645
1443808
966201
780711
427442
1066856
1191224
1555367
851234
535626
399058
915715
582058
1611980
900120
388781
226814
974535
1070871
1146392
1579144
206413
742089
631311
1005484
71929
1306318
197076
473624
706058
1178412
806801
1005824
943382
770945
757363
1615855
908046
872491
691099
1640764
687857
1605331
1408283
334291
503335
1443829
257997
182308
889843
67450
259681
1513157
926738
157290
412328
1114176
1044274
91007
715925
176030
473216
721549
21363
443037
1534059
443035
503933
1163372
1468435
1664362
159607
552461
1030215
1680317
116552
540819
334658
1531669
1297599
313595
1079421
658529
184806
1175260
1082919
1304720
1352265
1376193
1242241
1386422
950823
1160101
1415955
135595
726651
1539792
1212549
1091681
423198
164804
1310379
508548
1646193
625174
738565
352206
1301102
859001
781917
45414
907256
845642
1122522
969215
161920
1064460
296575
900068
367546
369937
691393
1220665
378008
1560027
1655602
1581520
1102323
1098262
312808
1174208
335195
636385
808625
285840
1223331
806654
1382346
1698843
233931
1659237
850339
771567
447162
838244
1329991
601194
1016596
1126989
1128007
931001
899710
1112580
1129117
403258
727345
1446310
453375
1382855
954268
432037
898185
823717
927319
653983
1260326
1177390
655995
1330161
1194677
1706057
855658
662016
1507611
551424
1195103
627455
1694813
1131350
1019278
1195910
401801
445366
182709
1265973
817791
1592450
1671494
299224
71562
1612066
229396
307667
1554255
1103831
1142186
1445778
1460105
1663307
771405
1121433
1672238
1199379
916653
6431
807079
422307
706315
1192782
398889
1015059
138958
141774
143918
950972
378839
355207
1613238
790719
1275918
975681
1514730
1627663
1100341
397480
287876
662407
955487
121777
1464923
327350
17744
58026
357383
319273
24575
1190919
823951
293229
596271
1566538
1449903
314645
705199
413928
1298195
1581880
422870
121074
1125828
1491193
422688
872583
1303438
1652359
1493374
581891
1505550
837415
356556
1391775
799474
657808
694971
926544
255962
1269622
1649735
436933
1479212
785168
701278
93813
959886
1121976
1507281
489627
1208796
1006558
210209
875713
738305
1619673
1534796
1606454
1245809
288255
1052193
1046272
1052347
1233288
1518079
630936
988125
861078
372878
794671
38564
365744
296019
4129
414907
891266
639495
699176
506609
1570707
798631
1286315
836345
639288
996898
196775
330228
437401
903953
1496903
103588
1051640
390525
1542076
263177
135433
532054
2474
282563
666190
711619
322504
151593
552324
1246294
566157
821646
1601777
894798
1535174
642162
1526897
211169
526161
390891
1163005
1273075
1229882
18148
1389164
275204
417441
1675788
3028
800496
1586402
910342
1039573
694659
436242
546520
281988
1617925
72823
1705111
702405
1385083
434931
1530873
1308780
1231319
1498103
1202909
1636929
41417
636223
1308789
1309829
869059
772479
1596158
209060
1106429
139996
353355
515164
624516
466829
1381089
197432
1107169
175259
709211
641329
116342
256333
921519
794550
1496296
1371320
1054490
1487684
1024548
1272550
1709157
1267382
1243293
1390388
55405
1560396
1531799
1000226
1492142
187261
1618244
1473547
582259
1157778
279107
175269
110611
403099
1155667
1275174
387889
438063
882960
12237
1243447
915105
104820
1187632
598464
577335
1141751
964797
1069497
573655
393480
661409
793287
1100393
365795
807205
1145303
1477505
876206
1665767
1113612
54928
1674775
220734
1698893
406943
1119736
596721
467718
61269
337109
1411119
1095055
884167
1380597
1652426
120322
718183
770672
483872
1531904
1269941
379335
363801
1610057
401689
1178733
866971
508382
1547793
1530188
1390687
890256
1468899
806593
1642431
1174155
1495344
974717
470174
567407
541407
850745
746752
97457
522861
1153682
1262997
674567
690839
1139969
1384410
724069
997362
421587
770810
875323
1453708
662921
1105172
229701
457339
89245
1104338
1238304
890141
76077
702003
1112434
1574245
99773
1402942
571325
317609
391196
1137672
829901
489355
1001553
1154431
539292
82800
1613154
884941
508539
166667
1089084
682725
1487331
1211538
828440
503564
789974
1475356
703594
1331144
735032
1355519
391502
600107
1589989
1651385
224190
285362
1385359
193441
473898
524691
1549162
142200
463004
3571
204568
592223
1401948
1308870
305323
1525364
1092983
149050
1284236
1556333
635937
1303337
697341
1480212
1597734
1674520
474812
113800
759349
419817
1287369
828491
1102620
120558
1215970
1255297
1117150
1001690
596634
322880
528503
1295037
1578841
1312500
859264
1673410
1461783
449624
165036
535161
309550
139335
916266
508512
182275
1446239
248537
214994
1585236
742202
804754
301923
506169
372330
553670
565559
1384330
25057
82194
534934
133501
1306260
790393
1078933
918648
65495
916271
1442888
494007
1104638
1256619
1584871
12450
489617
40611
160679
88691
726810
1117793
953680
1703992
573133
1170342
1481220
423339
502986
314465
165049
1105338
400260
102332
1093289
197388
434503
1287403
1321322
541172
161442
807016
152246
18944
1148152
543485
782096
1065453
1016166
1013388
671486
1537256
1362334
1553476
1645722
757603
1330053
725364
1345556
903368
1623138
423086
1203294
1095193
1258465
855095
760771
89296
898679
1383288
1307659
818326
574517
1050894
897579
1592911
1321547
966637
1389416
744825
1112583
343146
394707
724037
247716
577367
189425
157044
425203
818958
1151869
415813
131515
1193192
307333
232582
573665
1234548
258026
1650424
305288
1529492
1679513
1300062
1440151
571250
1290231
615970
794676
386337
194462
583690
641332
33782
988092
1454162
608238
656449
513723
971213
1587354
856195
524430
1408181
1116704
616614
910453
1121430
648735
1002179
347544
248925
848131
493329
706553
375576
790699
1486104
1265429
472654
601413
113222
805616
76014
831576
891803
788697
941942
1446622
1532698
799107
1078644
984085
724393
701520
3768
80452
598513
225963
84470
142806
1164188
771897
1398636
459153
961337
1478221
1061173
338518
561776
1497724
1018983
255166
1178182
1407744
1240574
738695
431539
1156622
1681307
878988
102688
1383086
260758
803221
913631
457730
912409
246238
1560536
1445135
1585712
1514670
1044738
1160573
1356950
275665
35619
1697653
1273403
763254
988307
1202173
1515984
265320
299680
1389656
1452436
456369
1036454
78422
295401
380802
556303
272633
728549
531533
584927
1023466
1357719
725516
1505171
869222
1029709
1285911
792629
1425973
1629194
1352284
1469673
1646017
905171
180226
532339
247462
1580836
1461114
1014073
1470359
1359108
838122
1011972
1247974
1042408
1371200
1194007
20231
1439045
1466866
927098
602736
1682379
1187110
1499518
666786
1233386
533286
204671
1539015
710359
887070
1574387
1276363
1297975
1484296
1302813
676865
462651
877955
1194919
1268504
384507
1474631
456616
579597
93203
343911
566678
266784
362775
1230936
528452
794861
833799
1514723
606096
1573140
83562
531472
595465
21286
1298755
173764
984022
519789
687887
223400
1200955
1016914
628541
299730
323547
1393225
1096452
1694540
1351557
490309
1198430
358181
992283
1469993
1486935
706274
600044
806924
1658400
435944
1235596
228156
1039949
1010038
1140142
1203298
503448
596448
1444440
1232468
1319334
830840
1393624
1051227
1108803
1570148
988551
10128
568295
1079629
1090344
473439
64034
316492
1388544
29270
1040342
1367354
1105282
737195
800426
742700
1032495
425927
1103458
106580
322907
1493301
1212051
365243
613806
1313371
852302
869419
393348
1077332
156087
839091
1638008
1079078
732100
1407622
666804
934394
763173
1293773
1045924
1673672
1575373
1397533
1055096
1314653
1577841
1021218
1491816
185338
568525
1376146
1241332
549458
704287
540049
6222
456923
545318
527660
69665
443877
159386
168259
1300754
423015
453570
1107652
984089
1101863
816242
1686149
1053815
360332
814063
146987
795155
1182452
796207
806855
800786
1335623
1143321
729430
977158
57900
317403
780199
411996
245980
1433436
1012228
1573833
70384
1151827
541289
1359226
7951
70250
415670
487888
670668
309399
1426586
1084050
1653603
355440
1578888
736957
373116
1150955
1406328
588024
1290377
1010200
762745
822510
1574047
563513
15094
559925
860128
243101
799872
1006693
1594351
1089945
804538
754349
1267231
23669
542348
489012
274236
1486831
589751
1302802
443932
1433453
56598
356019
823918
1132415
748322
602752
730512
1152238
730295
666727
1013466
463617
57915
391781
851517
1275656
521981
21695
1050372
1673768
1094731
535012
961353
1675223
894959
1443138
1230286
1001293
680906
603192
902595
838598
1398824
177007
1620895
1697608
311488
796019
58090
1343782
1301841
257774
1451838
1694902
1505179
1158490
384426
1197453
988367
948316
546598
1458187
1506376
1052017
375126
1247643
182188
1646903
683055
869138
464910
768639
489471
1017104
1462879
706198
522745
1437662
1165588
656320
1646000
792522
884485
471885
407457
1303065
306674
590942
583214
423000
651772
170101
743765
926697
1510534
89639
1018402
1371866
1463017
40065
1255562
1171634
671722
843230
1518853
886033
1617419
596813
1592081
108211
867994
498316
1194601
799725
182913
448532
153591
532038
929465
1008983
525156
352621
951040
1591484
1543577
1672565
113170
235074
664855
1608612
916859
429344
1314437
462696
1612408
1293930
290684
1624834
524717
577013
1652120
273888
673250
754097
1312285
1473935
888062
524713
984165
807135
304740
1709760
1288061
1427852
96533
247645
1456177
538567
1389680
609038
1207787
686522
542060
868342
1117308
275596
1609888
1405001
1473994
1097753
942043
1665434
1207479
1080063
1236072
1646433
883504
120108
1541374
366110
576453
1321375
1486019
1543112
137261
1033170
355694
344662
1598738
1050262
883514
1269568
408526
71172
947186
1500633
184598
137889
66489
1709079
