580842
862044
714141
722347
1142369
718953
1175244
1563145
1455119
1079897
756919
918175
596333
1035219
447293
772098
1310714
1451508
1160890
1680855
501465
1444043
1158903
1364084
677055
1619831
241122
1353806
137882
622898
1527312
88588
245792
1505389
870661
1326704
195259
281927
1153606
32429
745378
861612
1018295
522804
1278113
1387109
1284089
773707
1167131
758944
1673694
1475618
1124644
1200010
705537
546137
906360
1044239
298561
1345431
1159183
1309092
838612
310843
272234
1328254
1587208
1568161
16630
195028
723955
1173668
322973
1474272
911747
190764
493887
25445
488444
616510
1330334
1434887
1214318
1421394
1114222
1179887
1495795
366639
229423
158310
984929
972605
32200
1360436
555368
1117387
47092
1315676
1028236
164221
515600
85173
193504
885678
586406
644049
710805
1698677
1363707
930383
295196
494245
792436
1584432
1618584
418893
72409
1700012
1543564
1351809
1543738
986385
552448
755096
679564
683709
1414875
706425
1673019
855289
497184
1643173
1185846
1145850
1082061
582551
944313
1611887
448947
1684363
610112
826055
1439087
597475
744263
1049092
224932
351642
1152980
602012
1289078
1537614
1200915
26413
36216
1608367
1633006
1371888
1607873
1060320
1468843
1174286
33131
1331538
981120
505820
995165
1132796
1188501
188599
634975
846696
1180468
1111716
123398
685901
1209010
846010
1547213
290831
1594679
1090225
1607715
136962
1416896
982814
638094
1571740
707669
199441
1069913
1682898
49945
360414
150986
1020712
239657
391389
1008850
432534
659871
1589733
1526274
518826
1262725
329028
1701157
1001112
414897
526372
197834
474139
563699
1678982
1550725
258917
139141
89211
700478
1436690
1648097
1700575
319243
701503
1615160
538928
496499
111126
773703
11645
197849
92835
103136
101090
1688100
210948
208066
51357
1395096
460442
1208647
395249
1196800
1661971
1265076
455767
95323
1587441
107892
1135566
1434811
579371
1187994
222091
344963
1321159
450200
298122
477886
1606345
1016682
401532
771015
426902
777213
444953
946058
1373656
731057
864525
1593612
1354288
652722
1338810
74394
907513
134931
1374195
573327
82133
1792
1113890
907885
630286
697886
1004808
1266334
1203852
208706
275598
29760
1025115
1102111
1027800
1258930
1025625
1687891
893473
1058620
243572
1637807
1090898
730077
1571732
901574
1032041
446911
339838
774295
6048
1499771
873925
462617
1463935
420563
830853
884475
1130895
570107
482279
768361
351382
856569
152578
1128380
651184
963218
260137
921538
1478299
1356135
1534492
1435902
405831
424338
1696324
1087110
1412817
471680
1097278
1133128
254548
1645111
1703996
1366613
198899
1099877
1013164
91755
1210633
573102
600605
958489
1486735
1160229
669429
485452
781231
1121602
325468
38504
206760
952677
53377
53188
1526288
174597
401490
1107370
1697410
25730
224865
115128
984586
889530
1455891
48534
521467
818160
253449
1497994
601081
1129418
333200
1594001
1478135
247112
723006
310109
227995
251001
1287077
1248833
862817
3599
1555220
1339108
1217874
1621270
997521
598414
423239
1067535
1229526
161098
791496
1550868
629432
1436466
545468
437481
251108
1511291
1651039
1388002
213042
1286538
175766
716771
1029018
312215
761306
227886
347528
481107
1264210
321906
1001267
1077081
1378927
1227231
1334261
241674
941530
1599261
876907
329897
1309560
443236
1235285
465392
328014
51650
342053
1420524
1499074
675542
545345
1133005
952829
539487
891973
651644
1552160
10500
826828
563272
1001287
695263
591396
552354
377491
1271700
741356
1360717
56814
1423822
221757
753752
224841
1492434
481447
1346214
1687171
1506302
920203
1709029
229264
671599
950190
251327
1421363
1493506
1312004
1233571
234099
33075
1254843
1433514
779602
951886
972684
179146
444048
1141890
736375
1623353
243248
345325
229850
31396
425323
18593
545512
136051
1382156
1620794
1566881
250082
676431
707799
617850
143129
739850
1507011
1438497
1414938
1592296
1049228
58435
525513
647718
165041
830812
995198
341240
906151
965418
512731
141267
809952
428660
437588
567735
948834
979198
569149
253816
221297
1496448
622912
895338
539267
310710
1458344
608263
662857
812546
1258104
1522184
1078946
1070950
547763
968826
707915
187174
1216701
1627959
1097565
792659
970907
779002
233925
185166
694044
559346
947440
1473353
996921
1125275
438417
224618
995286
566650
543955
1116025
1284035
281842
896450
687774
695725
230926
636809
843734
1416591
1026585
1472314
1295588
321703
795305
1707444
1354889
433415
958823
1574836
194730
632713
751422
328872
1005144
623913
734255
1678134
1384174
454726
689942
1658348
991261
776371
363302
748913
1000998
174651
307483
1172939
740356
1450677
1434777
1163969
188812
1359800
1354550
1292184
417824
886053
1369004
1108387
904701
23500
753441
91841
293696
636301
1036638
398697
957982
1367284
1393911
714962
267348
986346
1090320
1365490
1388342
1038105
796390
1002810
633021
407179
1085447
214372
547823
159854
422362
1090332
1217600
269868
463334
587820
1526718
1522386
1438587
472847
1710503
271158
1196935
1397751
384513
342754
424931
558303
802462
1651022
1088769
98239
1426286
1231985
239759
1006196
237485
695149
820488
453460
289910
1002099
1254039
1615058
1654724
1161115
392374
1038893
848682
976357
185410
543658
1391497
1262199
819142
1559221
150575
1658105
665559
171045
1523673
1620174
1494317
643579
1206049
346761
615744
854696
608219
215190
66280
1267597
1015162
555270
273886
1385945
130800
458305
559973
1181397
1421259
850569
628391
536859
278530
227842
291847
541621
285269
97841
551821
605115
1461070
548922
93217
341818
1708269
1641745
259293
1109068
1698195
1639151
1129087
865767
465916
577401
695485
572627
964595
1248051
653374
359951
1246529
431782
1517232
163455
1010162
447545
133036
323045
240254
1056663
1267118
443968
1635058
1384083
1469699
1175500
1043977
309256
1703310
1527908
472605
1080856
1660098
1613848
1213512
111769
495806
537718
303806
1166959
24258
1561209
994889
805502
457748
1037977
495315
1573797
815403
1059168
1297185
646659
1197428
1443782
1085150
1552903
884762
722518
379368
861420
1455942
702746
1661042
324890
974014
39028
153646
1186444
1138714
791933
434964
1353027
1223634
1509270
1387205
973187
1270732
280503
515029
1538430
1204529
1204271
608014
227267
1420389
807848
111564
45979
824521
453281
522012
1180528
698286
1195001
404769
1282815
696796
1157020
267255
1083307
1307066
410730
839472
326968
578104
57824
1549660
884490
1104029
857614
1239319
552603
1576101
950875
486421
1226050
236366
579436
39391
1525615
628172
839842
1399574
1345126
1173795
321332
1615382
1547388
169124
155136
245068
622788
1095792
1140012
43723
1346637
1643342
327129
16720
730413
741050
795951
1146583
297694
895955
1065925
816009
1687939
1594666
672558
1545088
667338
873427
1040807
1435676
332710
333980
1641613
665051
1334742
1253067
803588
385715
635180
861512
612992
504333
1262225
1034441
1424740
1514494
971307
313343
481134
1522280
1414610
266723
772790
1665856
449948
1430110
355585
762168
1001720
1052830
1136252
611248
237509
1343605
947532
838668
931415
47473
424243
1535201
1292646
1147267
868715
1586687
1442554
31846
1136984
832002
243917
1284893
705370
592630
531862
820293
112592
1297896
200343
588172
1285737
1664627
684762
1519474
869764
576375
1488641
874634
746149
778257
916550
785571
489157
809643
1396124
1674567
514896
105933
480448
617960
1617481
353445
1325418
976135
490144
814638
1093757
1063704
1213966
359566
694432
514969
278778
1228909
1034892
25470
1448773
11236
438680
733788
1172185
1232730
126501
273191
393887
171925
373081
290193
274926
1677788
1470778
592949
1403116
1243665
186662
4816
211790
579397
1369336
574770
210672
1255685
431925
1494943
1407954
25027
272611
356154
1524943
875858
553578
1674818
1192522
1651477
803059
242253
973831
568426
1701272
934573
197122
163562
460882
850070
1424633
1110709
142976
844260
1268107
1035947
1094781
461545
1026509
664065
1621540
1596563
391042
881598
680045
1257040
1099030
418436
1068850
199856
310088
193088
332181
1383521
367293
1602384
1072821
1587140
1027418
1519195
397533
1702038
300085
161208
1150197
404989
98635
739841
1068200
1589896
1456167
506765
141253
1397707
578532
1544182
704269
1417929
1432217
693717
1290749
1107749
475681
617444
1668898
1639454
1466613
278108
1420075
854154
1579476
56506
1358485
1316020
1577044
1676702
1395687
376125
1511298
177363
1372085
758936
208886
486320
612010
1024134
1178539
1084185
1294928
355345
782044
986913
1560431
475136
100053
236502
256270
1357872
1630555
308666
1068326
128699
485735
1387611
1051876
56134
1422438
133463
773217
1131865
530779
969446
278981
546359
730759
1307651
602162
1320319
971026
1175432
83944
1318176
366286
1562281
547701
160718
8807
1260679
587116
284240
797555
44702
483671
1049623
1543184
1622230
468051
1560400
428646
830330
308507
770388
1650786
1268812
1647138
1625769
583378
466119
1096517
1429584
1036962
423883
866954
1118213
1163225
109337
445250
951581
618361
1108811
680378
204109
142141
403227
811741
1356443
294636
1222050
1263503
792008
1394492
126386
1124172
469960
739754
318407
325277
1358070
1239371
1658411
1631597
993579
135134
223591
1104007
1250806
308889
1081517
1110151
416178
1350181
254975
96628
1041684
151655
531492
1174770
959700
951363
1706568
1051115
73895
1484651
131646
714960
1167292
8145
11134
177985
1220456
129349
1347407
219151
753483
1020514
144698
293732
1366432
517083
1577951
1578984
1100805
1152133
1250825
255602
168929
1155888
333308
1107284
1171738
399704
457525
8436
277777
431263
398316
1136710
968015
127138
46115
210916
1204314
9425
1151377
197875
502423
1398672
585741
144061
411365
1278137
1324566
198382
1499870
1553102
1335287
352321
1243569
888339
1029783
102309
1316477
1583756
1333333
11477
535145
1694735
1610480
275633
365572
1075412
1377133
1556991
394948
120611
1329550
598978
357742
678368
234492
123048
1200807
1274401
645437
1268388
947191
1333181
541834
371784
1401535
87278
1610421
357665
263996
789807
436697
1325388
1416932
592605
1411548
1344657
1006090
64606
157799
1330014
332705
876880
417084
114367
1434275
1358813
262201
133881
1085983
414415
983020
950310
1094526
1300446
1648603
639221
1583183
108273
1005626
517595
757782
5304
1393040
1166884
29819
924212
1528116
988828
792210
51175
606580
793590
465542
1201302
504590
412798
740497
29564
676837
650804
749705
27907
277714
120368
1108501
91551
975997
718562
560898
327180
1539242
1056194
1463596
537801
431065
1231818
281282
1355928
798781
181492
120464
98689
296518
1205728
1368091
866218
1091253
872855
1480267
373546
816639
300017
960727
963185
804621
444109
1033127
797967
547284
426981
1706831
230648
321011
1432778
516851
677475
1414092
1448389
377879
479866
1457227
1564129
1559468
1206338
345215
594241
59441
1625840
781730
744515
286599
929405
557853
1446380
513371
1511550
871917
526470
103539
633007
537337
963004
890723
228612
1303991
777446
1054327
1072488
1238734
343504
579417
1236102
1526663
812048
996360
954031
698873
1133843
1548987
1004462
1320094
1470208
1298125
900338
1588758
660076
376868
448711
780064
1215305
694125
1071303
93087
286155
1323419
1383122
580136
689800
234705
1051229
859906
1418478
1344986
1671570
304847
222788
188255
948171
503122
526558
249077
662844
893470
1261073
152574
767285
1493769
709748
1613936
163992
130177
179487
1566872
153518
47868
10746
1498115
1584390
266895
1290197
523490
1276672
795000
1638390
1461507
428939
241942
836295
1654234
1576442
493507
308808
951307
902648
352599
1683962
251865
335413
1138335
897096
1689936
1654166
415600
850307
80
1123855
1038675
584687
1337643
498372
1665727
1163896
1596807
518358
1428634
1187876
1131835
27153
356142
304848
399486
1018483
1478763
1348388
416163
857380
1162716
1319590
741556
1631348
532402
250335
546905
501241
344358
771352
404712
1511962
689630
853293
892033
203871
476736
1059030
1627256
497899
387134
1286752
1000882
991479
167659
460139
7695
1157317
1238426
1497870
338843
219618
513913
1351337
1382127
1154776
390246
546009
118204
156082
1237336
258169
1681559
233902
191367
1475224
568758
478621
126989
1308612
906346
449253
1375208
1501658
1091447
583236
98744
1030017
33601
98771
546650
409580
100167
474781
206604
1339484
1490543
593054
406039
1164366
1263123
530280
367266
977113
682726
611229
576320
84245
588473
868987
1502357
128421
946876
291667
1294792
1404324
1092657
869840
155263
543978
659456
1255181
1257335
1140930
119174
1353186
1701275
1276715
1078355
412711
893259
1382162
1663564
759560
1388186
734081
1671822
1572762
521507
1607307
1225303
971653
168550
782246
601485
218237
432235
1364324
594702
94430
1142584
352316
1335138
832235
1113171
337022
1430584
989577
1669290
1034325
932482
581025
436260
1316545
158916
1057100
107821
4775
402970
344217
1254241
500190
1598476
533567
1427792
570346
1022652
1133547
719553
310498
1579553
1622420
533682
646
1095070
335662
1454061
1090645
776170
190098
1291934
184897
1699482
43530
1527611
377701
300571
1561248
1549911
65296
858100
479175
178366
452480
407793
22913
696344
503837
1067370
1637569
479784
1378526
494886
1564704
614445
1444471
1425423
148002
1525718
57673
450517
684007
35376
593908
353776
152606
1337106
951606
368967
460287
501392
1284605
609372
1451804
1652991
1267879
681391
1081628
1456443
1525389
359678
971626
1595844
716483
1645411
646211
38946
839070
1045267
1007575
484452
1572847
388272
531453
1677892
749672
1325555
918040
774497
421506
805994
125637
1570970
797167
561935
142087
3719
235641
109370
1346016
850808
1700319
189563
1628865
698929
28007
1395670
634837
779517
383017
903345
1453030
1034127
294538
627626
548305
1256007
87471
446088
567841
193804
1499742
1522168
724482
456220
429625
475971
558240
1129260
207433
48803
1673763
398009
1572273
1325986
882954
1183305
729812
1374574
680228
1154710
620692
1112367
914616
1169610
1617539
30260
1225138
719020
752736
45639
406004
866561
1064369
775098
546774
1441880
317461
293976
1037926
843282
1183009
1324217
157649
682348
1525766
1144907
1435981
770138
1656589
952476
1070703
263610
82583
384315
1028041
306281
278072
1448471
620391
140734
750393
1122159
1660739
1506442
219111
701737
631904
773784
577425
25408
731718
1535771
1359435
1306378
1694942
371465
36376
1020676
1634210
497798
309781
1584420
1181135
252347
1414282
865469
641890
737674
73726
1362467
1490980
1492941
1588950
891508
259744
1432667
1168954
216770
365229
553863
1074191
1186383
65189
586248
313451
173625
739110
824867
710163
1028257
112980
1380386
58511
774268
530352
1274930
1109752
553593
1582003
219754
586648
1097607
788020
523484
255807
1017324
1535836
1216047
1391760
825932
1707926
1659598
865322
284990
1018204
544154
1155177
1660580
284305
170074
1351183
1276042
572259
200685
341291
495804
535162
1666690
776807
718165
1228971
202607
501036
505115
615230
761851
490298
1438576
1607489
1710355
878605
164700
1641103
187212
1421109
989917
1073315
1280739
1077697
115315
849573
856111
104517
1400849
309663
552033
1156744
1482266
1141064
1672959
745916
332221
1332547
1622221
1459946
205199
1224732
1192375
1453809
1471868
472008
481545
882505
44647
273025
25287
898603
1501480
230889
331941
1200802
1044774
234261
596547
40536
926999
154707
383480
1326692
770134
365244
1495894
64240
170541
1460398
143188
779839
524710
1324982
313567
1584143
1604742
677530
241883
1003977
1218713
858173
1291060
739451
173129
1536583
1645302
1519369
1588736
1066213
942076
1609495
79087
901234
679125
717860
1501940
1582072
1465224
192245
196120
32911
1630384
152963
930210
657299
1408515
1005206
1017312
1377989
564213
527233
1283101
844324
1335032
1012666
617638
260171
782307
792172
1120084
1661804
1616646
943375
789068
462604
445081
240240
256854
1378572
286754
1217530
494572
179528
787145
1519777
12581
356437
1582455
309221
199325
1636512
1368083
1513234
1364864
1648996
1048977
394771
1000316
94173
386142
660707
1202770
636843
245477
315969
1168725
1288493
1218370
828835
69598
102474
1674084
72748
1006982
207582
383403
535716
60115
1319104
1496451
136617
281940
1157237
1526131
359924
1047026
1059665
599034
283800
1090153
1646585
1220963
1549471
729165
771469
346938
1625669
770415
898996
426627
195017
1386992
1227510
565617
1054042
58051
409503
1222087
650131
821344
867120
1673609
193214
865209
173359
561027
607586
253932
1015478
1098794
719004
333015
1540714
701097
241985
751131
1432344
320947
1563384
1007311
1218226
416561
607353
1521867
1667384
167922
451858
1708146
1357002
200800
224539
1685687
202495
972583
868552
1685791
1406271
1100279
1257063
1005116
1518803
87252
614545
751906
1204791
1206960
110901
274394
207001
1425667
1205652
651749
541616
854585
1282295
1530131
1465377
834968
663752
424569
611417
353768
19178
1438498
314630
113130
581910
171231
1214269
1449405
1040659
284966
1658535
1232892
996521
1021720
718430
1371029
94663
398795
767513
999474
509705
395386
944094
1094261
86859
432426
644659
1305671
1275805
504228
357724
1252412
695219
1630814
467575
270680
1125593
906194
1487977
610516
229796
1243705
487254
32658
420601
1137036
262692
368603
879199
603773
705432
606981
1493873
1252888
61938
679322
286190
150592
170237
859040
932882
216320
1314926
218137
1163813
1455096
1601330
865379
1646621
25134
804530
31901
1627838
206624
1335144
1488537
30767
1442484
1302264
419197
683329
136260
1520129
664017
844794
1035891
1013327
739240
1471728
229044
95289
1370708
415621
666304
295153
632299
1377289
1122567
570857
728228
214935
1629165
1073751
1440470
1547243
1598445
1036597
1584651
1504697
688618
963799
1596890
38115
1606748
745374
361559
1590072
1046422
637937
931831
215937
709412
869252
56749
1424473
1660052
643167
498057
312841
179484
482288
1547545
1326041
567501
56993
703725
1275396
91776
1645162
1262283
560029
601604
855144
360375
1309544
1595070
121804
1068942
810526
228925
247052
1364488
1614175
558197
875156
124022
1463352
725767
1443464
1551755
1457747
1156749
1180386
318634
614091
1212218
1357620
980130
1687976
1244674
313583
1673665
1075931
1268979
1501747
1252524
1165448
101300
254993
806002
719994
1610174
982473
334494
990101
552936
1203320
772832
999137
371245
308755
1495641
702336
614184
698990
1414088
94786
1433357
639996
1456104
1659128
416680
988669
54999
889483
1448072
1649028
1349038
83633
1667477
765244
496368
773772
1199824
360780
1615600
160092
11301
442904
852152
696399
1364835
148162
1194403
885672
1230639
965189
220347
428083
1219086
1035913
429648
1128454
1444987
130619
1258598
1533287
665552
1373509
78531
1496781
461562
385974
1357407
304942
756738
1470751
1382790
1531258
671681
1192149
1274994
1063789
243994
1229569
265701
612875
534650
1700111
1549469
1246435
837027
750213
1082607
481137
2726
1298235
359227
109978
1623887
1142639
10915
1030466
856870
991394
888625
411057
1637653
136938
924983
1038388
502161
1279046
1690019
1299558
1186948
1079067
1180222
873015
783107
1283945
700682
676504
921187
1249238
1472928
733054
1106376
693658
1320949
126611
378454
1474501
1142778
1483832
845282
1652943
276241
282442
761298
426623
1557384
205039
741112
506958
1035871
244487
559676
291941
1525740
375706
854104
1115332
393523
88263
1326995
118774
119799
1147660
1641663
1164915
396043
627289
485208
328342
632405
419219
1234051
574349
471346
1642743
755391
1561621
1165424
1429094
1651794
427422
1548709
206044
991122
1054937
211804
64799
1550285
1189690
947226
1401770
1649959
1097833
3918
515847
552099
321037
1667323
360255
1291484
1188156
1371173
1193173
446302
4674
1527935
876742
1163129
491400
377932
632630
1550858
164708
1101450
785184
656469
979263
729761
1360621
1297427
551334
539867
1101377
1495193
75403
300706
1578621
494231
649698
941069
119836
1662146
502989
732967
990390
528283
538325
1254201
1349363
310425
293397
792044
571116
1033436
535919
893568
742160
941842
1514044
1164917
996219
354074
971819
845765
1104448
569119
1590080
1632249
1410405
854438
1421887
188038
1294448
1682542
652187
602936
1604011
500021
457829
1605563
865182
1184481
1491735
353384
471126
1612603
1142096
1246763
1467738
7539
1554064
1295453
451431
1633956
393960
972665
260762
686674
1100445
1582200
1692402
848642
1219469
930345
72554
630208
1063857
1225743
966012
1535753
574145
677190
1618943
252220
1048437
1674487
270352
941488
276050
1098292
713220
1444642
348546
1240625
944259
1052990
212825
312592
1074389
659535
1244164
1154055
204947
736786
1084453
893227
1487132
563278
1669572
661175
553807
939144
69342
1675864
1344017
718435
560085
390990
964327
439807
1200442
1601591
749835
750335
1230533
766186
1023112
961461
1497736
14409
840247
643339
917072
1079931
1431275
334758
814183
38316
902461
260665
1221550
1242378
255005
669515
1081623
881214
92570
711604
539481
144007
1021177
1558427
1468757
906710
952622
209009
1616098
851930
596911
192005
1105743
981960
693414
1165632
561437
915121
23910
1418404
995512
128158
981510
657650
580025
227194
158868
568174
15233
789933
783588
232386
756191
912125
309717
817109
1094671
1668318
1600541
662614
1597099
1396054
1215946
1560270
10474
709101
1082557
1617883
534194
1432207
1520587
1306379
693203
1257342
1617813
240308
991102
1591114
724308
1413652
1065809
5553
1686620
1270482
1025154
555055
1463311
1306702
97002
412910
221735
1262210
429603
373919
838233
1402804
24468
299353
864044
83346
478044
810865
192741
263582
1054988
1469598
781346
1667271
959649
475114
745666
1289166
612959
1217083
945912
1542157
301660
1477046
801990
810103
402221
728674
850489
719692
820107
261073
127738
590860
1520403
1272578
514827
853578
1576758
1113248
1131876
573117
388000
714998
331791
475195
1153518
195919
87882
398325
1194798
957981
251402
2984
399291
401982
274389
1031072
621251
334560
123693
643901
1609867
204346
576015
1109467
1523764
1098513
919564
235006
1383014
1565677
708675
1130608
890049
183243
1247918
1656580
1142521
749452
1015850
1462328
1380358
950446
544106
659762
74514
965599
1437512
1253109
284031
538394
1398160
1612148
1057560
451236
690884
1151337
1291485
372394
1297678
669154
87696
1119438
1388621
1311719
76460
1635224
212702
1185844
274852
1491586
700353
1229758
1322941
686017
1559956
734567
251283
1055483
1089977
957257
7893
670792
557522
609825
1269946
722579
202971
561696
1358516
1520936
422568
677985
803010
545307
566980
282547
195261
1033694
629059
783996
836567
965078
288974
893028
1463072
1292762
1212661
1343090
592608
398115
1161506
513144
40809
106023
1559731
244158
1418852
1671366
1425215
294930
1260518
797020
1097749
41983
285272
1506697
330972
1114595
348209
288188
665974
1233086
125787
497716
1278339
1177944
1179595
566730
1404998
992952
742033
1514528
1361421
748393
19615
1562238
286268
1392738
754436
1097717
753359
1540076
174718
150769
1422725
990134
1411722
1076609
926436
947883
1508471
474038
871435
321167
1519334
1195872
713075
1260010
1438528
885391
14936
255967
1360351
1465688
837602
825199
432390
609491
887584
593127
1658323
1292045
1200692
184221
1020399
239878
1518357
1288
1027266
901680
1069760
322664
1012852
367067
1484480
1116301
1212622
1569807
1695984
968583
704091
791277
580931
716543
1260667
119983
289428
865757
1019208
1166309
1039025
1244133
1680381
384824
1612888
276844
1105041
305505
1605713
235559
1694831
590657
689209
749813
1130878
130418
1470568
1581672
1488627
1319343
1388763
1269308
150058
185086
921263
875964
1560952
923939
573689
1549804
980849
127426
959226
846396
29416
1033470
897374
950519
1700334
704213
271470
1309963
161500
283741
1029820
1392399
964833
1099612
1639982
1556322
430356
1384879
883825
357672
1372429
1631915
1661137
1247856
447780
320319
1128224
257471
1521451
317575
1005370
834773
1574983
1354597
935534
197971
55907
1447476
561102
1699283
997551
1621313
633772
112737
522087
1471439
35196
537062
1024910
879773
337785
146875
974189
453092
1000910
1577649
1595337
1060564
875021
1296723
387886
1564347
4113
680690
625351
1099296
353271
549418
1468219
19257
1636821
1233779
1454005
572929
1625839
1458224
1579064
723771
1379278
744893
1595427
1077677
1668063
1495922
873908
1428692
985043
1140987
1583829
439949
1301352
775672
420496
198874
205811
1051060
319842
154190
709135
1094003
1300324
1708214
1574290
1363213
861292
1606850
954628
172437
267457
157770
1629984
1083477
1523331
466779
7162
159745
1154687
558053
205393
287130
706337
1626463
259832
1172776
598182
1199973
1238529
379048
1060961
500752
1240804
245393
815386
374466
443384
774296
1502136
212149
1601245
1029624
1252208
1206989
1012399
195582
1530689
494835
458809
633372
1234417
510259
14206
526562
326086
622693
1416321
337346
1614718
558164
813086
525448
1259914
474323
559025
1436745
1679534
829802
134815
422016
987382
658426
186122
1593967
1287184
519494
1551882
956251
618713
552785
1671326
1079791
1030127
329818
681141
820441
1436871
549487
60840
956424
1252590
1569878
1128800
1632707
1091696
881740
560928
1095795
1137415
408715
337867
607081
819502
1556639
1538459
98448
351312
1373432
28152
351691
224844
847207
784881
596612
1095158
1678081
368828
1620880
1007233
1984
1264842
1430409
673022
1383266
1168079
1423560
231253
1430623
1080804
921134
880238
435471
1422089
295686
536090
287683
800335
199141
173152
208130
186882
251034
68594
1628135
1590787
869853
1023723
544005
96926
81436
887355
1638966
700782
1446860
670551
499508
941326
1424145
1216154
1057580
1359593
1305164
641086
303690
1548214
1265082
471601
1304575
239076
1662396
1174107
1645964
1222556
257865
1196965
473699
445449
675663
821210
440911
48265
155139
663058
1673482
690
1710614
975721
571846
470026
1083607
262979
1544685
450776
1464884
315060
692231
445884
731633
307158
24370
1290972
1227280
255231
774306
504305
39097
859584
1600572
1390783
247526
806822
539055
1412582
1501590
1323314
1120584
602920
1244581
1286203
1054973
1412408
1578398
1678675
315354
826840
1349730
733942
528336
926010
600651
725253
1690215
915459
1341660
468590
943804
323760
615151
1239855
1342349
219208
890765
1270704
651906
1026028
1459478
1290367
1544623
1089422
589159
1484687
869529
520434
1223703
1602257
130429
1618008
437329
1473599
1263001
994124
114409
180588
538763
353876
369537
511189
96984
1646620
97981
495829
975517
693706
1252317
1610341
1280100
608421
1512106
384604
1664277
100927
1462424
509907
640009
432772
709741
1321817
638708
987250
1120263
225165
945128
510079
322982
853464
300447
795921
75801
361899
107625
73504
176513
632231
682361
861389
1235925
783272
1436138
680641
185451
586681
498212
1047007
1144751
1633728
557245
754919
59341
1587412
712933
543623
1227929
650683
1177296
759319
970094
109369
1239794
1543576
1643396
48825
813500
1493477
1344133
826497
541912
1384395
1016282
1409815
4313
1222736
1030319
1154301
770416
1020131
15623
1165805
883018
431875
364378
406525
903713
838014
53602
791537
783221
435607
633855
1172188
1038282
879837
377612
214439
74395
231473
1302192
1644479
1200209
129597
536760
197417
392501
430541
31325
124717
121043
220363
736789
1690506
625123
523692
785271
1648306
717829
1573906
124427
875187
827970
1633135
190592
1501393
372470
1335908
1641080
1170120
152461
1274208
1304448
886335
1708005
471041
1679128
1535398
1448412
1105493
26909
1156545
1328007
244500
512316
653398
1693419
258819
1680296
484261
1129274
946539
1357519
280303
41606
1499014
1161237
244360
85677
1133657
1550563
272796
449931
785097
1616895
154383
660167
86012
451296
320369
1114893
417423
896309
1158802
873225
414967
271913
993055
1112896
370097
122687
1019842
995641
1545955
1192681
677750
1389388
722280
1199875
1307299
1004835
1283585
1198299
47996
1295026
1496730
73230
996473
333268
43000
1270686
1428268
1238156
1557130
1367915
1013588
1293140
1612295
897592
756461
266751
441646
566559
88513
385428
401039
163046
681760
1282282
1398191
1192071
133573
486361
763866
702258
895324
1103526
1342290
985807
1278953
787385
1237171
837973
972387
1623788
400693
371150
827306
324013
646637
759790
321009
469658
1588750
516189
124230
834405
894639
1630881
1135087
235986
1032509
400273
1406944
416798
1118994
1401746
1360355
105960
1182785
669362
734020
947120
818456
802588
1115224
445495
1406569
1684404
330746
685503
1688055
54192
1286952
880735
672585
151393
1081134
1155511
229648
1548571
1374706
1058393
107819
212107
1392473
350375
1421428
616423
538949
552154
665189
755736
1100446
611176
1495059
1533631
992364
608593
728595
679708
803163
996144
1255174
267081
1109894
777704
650622
53713
836762
311164
285162
726243
1514219
86366
1441987
535534
563644
663169
1000149
540132
1112725
1352189
787205
947162
431158
386185
849237
1063566
360842
256962
495636
1133566
53738
1517739
370885
788896
971949
593038
396685
118358
601005
418215
1554435
790558
1226555
478854
152348
1533082
1552065
1703658
229934
394450
1294868
327806
311742
609803
936858
486633
427492
1042712
56429
284953
630366
1595640
1372076
1346606
914441
1203547
218002
459882
813817
407468
1306569
1693341
586514
307210
455452
1293131
1419107
714258
46873
1138015
270479
475121
524744
722555
1379896
471454
879469
1035342
1532071
627770
392258
1009024
59905
1627180
1371529
175117
1046293
922175
1706926
661004
932193
1600077
744419
961253
314001
335553
1669087
655250
1610486
315127
1139530
475842
973795
1312296
1707652
1378994
1561658
82487
1496959
1473589
188127
242216
1024167
356109
1566390
456406
50068
683047
816598
1408292
1217370
1414719
656448
839175
111453
1226359
21592
798600
1615525
129085
298405
1418740
358694
1340302
1399992
200173
1534162
947984
529804
84666
752733
964699
483676
801561
1620224
57936
1113973
482745
1457442
1147640
1171672
61286
680518
680898
569110
1369076
1373787
1669662
623066
1169543
821813
1253924
958771
948287
293138
1181862
1009808
1652787
1144621
1161542
1101244
1276933
895960
1044019
540782
1353800
367328
922713
348499
1547883
703731
334078
75265
619623
943660
1344167
1582731
789821
1269385
1619736
1038666
512724
57215
1104988
681591
969027
594828
871476
641172
1569057
1638010
1426019
1444136
1171962
302783
755923
23112
347394
1120211
135114
1277451
1671551
835661
1075474
326324
889591
1056420
1516218
1442053
419083
1206036
1640899
1447912
793079
67343
1554552
716739
1685931
1583382
1330829
708548
637612
815196
1095221
289921
90129
306031
22228
1574667
340804
1595524
1049039
242613
1695270
1673834
1686574
1643846
1244476
1140427
666164
1659967
144980
835975
141193
1405264
1118758
1164558
1170524
1153124
1390261
515070
1293975
786625
548340
181359
711805
367215
1015150
1414269
436252
941332
835521
728319
287383
1647162
636873
959067
832910
304269
146117
1692206
1573749
363606
1298930
833971
422161
672262
1514391
202196
1687334
240411
732647
199020
422343
159957
1371123
1556632
204489
1268617
789389
1123807
1599404
1434985
246153
1352006
50542
345361
251735
547476
241874
148047
822581
658623
1305202
1610968
1458244
111131
1588025
602750
1697255
366332
603040
401289
904998
840567
333581
436063
748573
709070
340807
1201872
1482919
1487119
1156381
677851
594589
1064630
527378
1557184
1390698
1111503
1637290
1693834
925280
1155347
1647430
644286
1545545
124073
353623
77545
1553477
567515
331321
1281873
1381423
253258
449110
982548
19984
1658646
317143
940158
977109
1234409
1321102
47509
1448552
957841
1132925
335664
451280
49998
1394576
194861
329408
1308828
1602283
1392432
398122
404440
1350088
880311
250752
1544542
1240966
1534013
413041
576646
1101701
1429223
775396
739059
232800
513255
588485
664088
246480
88160
954318
1586396
457584
191573
796545
365926
1565369
571429
594180
1203677
483657
1221863
1335935
1183867
1381264
976417
368084
594013
933877
1157385
1017353
133297
791255
548560
1384317
965377
1597380
157933
1315440
1575652
1262819
381386
1153132
430613
525378
206454
80014
956389
1421220
1412089
103543
770550
252980
1576175
108241
893893
873898
265634
1636238
843059
1381773
387657
240617
1226708
1118492
1522570
296011
923529
123464
633084
1125805
1438065
1181581
329110
1443869
220398
86779
730070
1030172
1665325
553019
914805
706610
326229
1236752
24715
440232
714101
165821
1096685
530995
375266
1608169
426416
392726
1015220
623019
775721
29698
1606413
833421
152581
1330586
418102
233870
772278
230697
1239439
672092
1459066
100635
1311100
901977
1651279
1081516
824910
1359819
216173
1205315
901278
637747
1269267
1433727
910289
1464103
601304
719104
435106
44482
1093736
641059
1146570
1317446
776560
412244
1455996
1014236
1687361
1145983
1187643
852763
1444265
1636811
333258
755027
1466294
1076310
1076993
813224
216828
1530247
1035094
132949
553430
1496722
314477
520859
812628
891233
263469
1094983
1099805
28427
477880
904836
1342986
404224
351608
726140
1568404
450378
1239521
920333
148957
1569553
564212
1285313
968551
1202396
1587482
841118
63583
599507
1338784
1560314
112160
503692
1340779
963842
652754
1514587
784101
173452
625067
900558
658764
1517468
722812
108756
344451
501183
565964
1486892
778620
727986
1126499
1279355
1487337
242689
1051659
911730
944709
789217
838851
1222878
445944
958494
1264302
366929
70299
25014
1697987
768510
579532
925351
490351
540469
1453526
135173
244539
1708982
277776
1462583
189297
101500
659685
801933
1120538
1689125
10159
1497814
1665165
1587799
483183
824693
1369752
341772
1072853
1240424
1118917
1090468
1064557
1208045
335777
115493
1003898
1259778
1648192
1116593
674842
1345301
1586799
806951
1043028
903728
1152378
664759
697575
517109
754815
750979
1358965
1274737
232444
431398
305870
558913
558918
664623
1113167
695272
568931
532227
108711
1202738
765519
1583698
344636
536018
892906
1645381
247027
1536361
1371056
517946
1430883
734779
924487
1298583
1600475
1304528
28069
1426213
816506
1425055
256113
438388
370110
477467
968356
703613
1085333
1505674
692896
287402
1311250
1206534
1637035
751072
1059779
256659
784584
1058582
500035
1407676
691690
1222539
1111073
1488466
1604224
1602961
1040524
1159836
121818
107769
1489381
86784
630991
1061703
1602783
228272
1066192
1683741
950926
762400
1212304
419387
1705989
742068
55746
467594
412245
1120206
769348
1317593
271427
961570
917031
967512
1580609
1641406
1628861
705200
1628321
607710
1106518
1008521
499659
863017
943244
1296259
457236
1120823
572241
806150
1161548
786296
247091
1530170
1202143
1688186
1659433
1689807
537654
377860
798427
1625926
898707
78724
1274419
567069
1510203
499308
68953
1580110
594467
248336
454274
210973
80936
969886
431665
1678433
200393
45540
1290566
1631118
1127300
428059
1615742
904792
1652342
534979
515116
793978
510769
1614239
1451363
327400
440318
844452
668761
31725
1462472
554699
353561
964549
783789
44759
1103781
1438661
1310090
650230
442229
1624703
1162638
1376133
337848
1569764
731061
674494
1374277
410708
270857
1288425
1552683
771828
652089
139340
1456109
490172
1122468
1608115
1663485
1091315
391978
216211
1511525
943174
468664
102525
1500391
117707
125622
1334369
1520081
1682001
756643
959562
1657600
1126181
1557080
1645274
1532267
1277108
1149071
635083
977154
399702
754317
5166
1167995
629232
683332
198752
1033705
665128
123607
576511
1219206
1144246
829803
553709
302352
528465
829843
1135927
27024
542843
1300278
1428278
1540508
331048
517760
1119663
1322136
821306
1406549
109281
1593428
1449670
903370
1578290
1056128
1653958
71880
468603
709413
1276529
797638
961515
1070745
842621
180964
200476
1274230
1087322
561535
1351604
663580
518824
795601
1668966
558912
1140021
781672
122692
243636
1121101
1509225
723059
1104289
323975
1361745
1446768
1001412
1056075
715349
1641918
12778
703496
639866
920386
197314
894697
401787
1390881
1095425
688940
1390589
470446
1170545
1334498
828847
478020
58417
121931
1107083
968361
1579908
550655
722829
490295
1465977
56771
142918
1526913
573732
1109357
215647
1519857
911296
1427173
624320
559546
42211
1567100
1517836
554461
1101553
1306666
1199476
1382480
1221785
294826
777996
1490337
45800
1464710
1474696
641630
734250
1701384
1702933
1250066
924462
1258193
1115510
393323
1263394
370337
841256
1197314
186245
688873
679414
1100208
921646
56782
488016
998848
228318
1633648
973513
18799
1366437
543862
249491
72686
1018747
46446
1586285
1241032
1008591
290337
1034669
1643667
553240
386154
762041
133579
1690989
205082
1623789
697725
715918
95619
729684
845302
1366985
395
283518
345807
330159
1313164
400819
968465
1257965
1065761
1594364
886776
516048
684482
517540
1415399
209215
274773
922230
465631
1137984
1405703
626586
111054
1619505
782482
114506
264169
1150117
1660821
1422085
1061197
1627238
1041328
34697
103886
390282
1328710
170329
55538
111213
910707
1245289
678759
1051248
1399881
1552150
155844
439725
1698590
1309103
1463755
105252
410736
321472
1219369
1608022
891206
542700
356297
1542320
1064965
132895
410695
1120264
1484293
1357008
1132307
502910
16941
1677340
146454
1629112
1295058
519989
1415344
1485626
592846
163290
1614350
212577
1697850
876714
1457255
811410
984122
1198883
1004608
1671162
1610990
247667
1152614
551194
1370726
780463
1256111
187069
1186007
923608
1035955
1005849
1466827
1304213
679316
1493343
468468
1288861
1010992
405340
690007
975006
581079
796915
481235
737019
1527421
521734
1343444
210079
952076
336262
969999
172387
121719
1408673
913885
655739
1076327
1352013
1145290
90218
1192331
495758
289304
1039406
284694
404334
1259832
195775
355970
1448316
198591
494523
1387167
1401985
1529764
1597521
330875
630694
25936
1000625
1166830
1546914
106119
196064
175187
1701036
1683058
268342
515614
232400
1498616
1190518
715058
574660
116605
948929
1659314
506884
593531
1404022
154979
1693317
1278008
720305
241718
839043
852798
931788
247444
43250
1514854
1412130
874519
693495
1692613
40787
1455136
1240630
1197023
599503
1212281
283666
514672
276150
490597
1281732
672513
1123092
945933
1321791
1583054
956013
1284365
217858
122366
167083
1520045
580970
288652
1622903
335984
1225774
1461893
550582
257399
373288
1228650
634835
48953
1294460
627420
639474
12846
934577
1198059
254813
1493332
564298
599988
987661
84027
1533782
1563407
10537
31128
1315184
100106
1707752
1583502
1478243
1115419
224182
1018784
1208362
965781
1300136
484324
331393
1332747
758264
950689
754802
1582806
1460233
839682
259434
1463004
239347
1090936
172698
134639
1656374
806831
1466299
1140615
1333747
604885
228779
1612078
436901
1426456
303365
1536288
342205
612843
1140467
1502699
676833
1264984
150912
187489
1516002
1385546
1084966
1178104
709475
125289
1660297
790915
756427
91487
1700713
1289505
234185
571635
1661382
106886
490960
368681
1570501
600508
933759
196474
127773
1693041
1620757
1036107
1599681
381427
637828
1347864
1493307
1322105
1032848
1628662
351817
1472253
479779
463252
1439675
1268582
306480
1228082
1604273
929709
242496
470180
289918
49983
992702
1119928
1268722
1549818
874667
926556
435130
197788
389860
559099
1461822
522449
878029
760096
404771
656028
1086612
525400
69479
318683
891503
969781
1666253
1473897
417266
940683
1449473
1019879
274311
1350730
241867
519841
1168641
1375742
1173142
1528519
161590
478396
667509
138031
762665
166824
1699711
1388430
149316
1376990
1468508
1018982
1666658
883232
640513
694426
765812
121101
1142326
128128
495617
378160
1065497
831223
636197
524369
515065
1123393
413218
1219419
1163917
410601
1681329
1465908
144789
779807
37444
333861
13352
1094447
622686
1687478
728172
1114158
1071964
1604712
822283
417226
1053892
1179490
1626122
288307
1144917
285012
446598
882334
722677
385363
242400
1629706
1595072
601446
1676061
507567
1047870
304822
745519
61828
429693
584766
1199775
1601010
1434838
836523
645519
1570454
538290
83943
1660564
986647
650648
560448
618808
1040562
1436381
533983
1373190
1595947
1313987
1005450
103811
496968
1341998
363121
482716
1278695
904005
1309506
1025289
536004
597693
465909
1578016
1463495
1618989
880783
1260151
1004439
1260654
1024593
801309
479618
167094
126041
1425472
369443
357313
921909
48659
1339143
731294
738953
117952
14122
1147258
485382
940170
1133346
939847
185930
607941
561371
962456
805056
761184
566100
1081077
1000158
1586491
420007
1002933
914822
1093669
1266961
72751
927200
809090
945882
1167358
1543691
1056407
1103828
1456932
1575829
1239845
1534016
210282
1164230
1610308
600369
125368
1041711
103577
1640817
886774
1471603
607693
57244
1353602
778246
697664
1525693
478881
1146184
1278177
299537
1603967
1119874
1499410
1411480
1335025
255143
1439097
1527623
842479
462001
1311027
1504690
1628626
469689
1471195
1710025
468722
859945
532736
1425519
244848
1166118
22853
63478
1241073
237096
417185
1172909
1297197
1670582
986237
248653
444327
442069
618708
970007
455094
830834
657805
1430717
460354
122227
1047935
187936
231338
74648
406759
1343451
457337
253745
845073
408812
900566
358283
780512
739778
641196
1120191
927653
1202093
1639061
954736
1650333
1130716
730804
1151652
372925
464336
198754
1005145
264757
1287325
1092732
465626
1427199
961838
54600
174166
976238
602688
110204
1599802
79257
984224
1026693
1229463
61076
995783
612228
798036
1367888
1674901
1260283
1084494
982283
1187126
99518
893479
467091
1239587
259283
1143522
602536
251922
1390632
83932
801523
175118
312424
687946
948615
747696
895145
582822
407380
810164
109283
756864
390134
340714
1473104
157432
663144
614364
1090079
538848
699394
174162
798251
10699
292058
424987
895816
52579
481588
436372
51651
912962
463606
156175
1247150
25024
221226
77828
1567768
1477042
571574
1320723
985878
1331481
1122536
234307
923670
1126429
560805
71959
987840
669067
127602
1621325
1075326
251693
885081
1624055
147581
447439
569366
34844
1066256
894390
1476511
78079
245770
788069
818552
1378382
955167
81103
89878
742850
1225478
1173866
1287262
178124
229152
1553953
652974
9125
693453
1302440
1325333
1385976
1489798
1648322
842421
823830
241230
367794
1075909
785816
604733
1079861
437152
1651656
1016927
1137024
1680175
1226214
1697654
1557368
454268
1402339
1549107
1189172
1012502
1315569
1679103
1625992
501502
945935
1568036
120160
506370
470738
1328239
983835
1264252
488961
681178
1218938
331065
151389
1667523
744203
750022
26617
375930
814746
1289933
1208773
1046903
929250
1314092
1426134
379105
1029138
75346
938349
1163288
405303
1281675
327326
39383
734351
977861
172335
519406
377135
1378468
242775
464435
785934
1119489
1171159
294434
1229081
709600
1653659
220287
625264
697750
1068030
222254
1389149
469051
1555140
1635681
767998
513161
91870
741973
872415
78897
1098481
1124620
926961
1589396
238260
1588827
813231
528022
1612618
536123
1046116
686879
738910
671581
543364
708182
1665696
1366231
413212
563641
1352225
194504
1686529
1134445
285638
1631338
170633
280707
372745
807831
1296728
1136703
19394
1616911
517557
1145336
1498405
937678
1619236
144298
329072
667258
1651762
203508
133738
370720
1095976
736053
539080
917462
1462377
276531
1555575
470900
934742
1262471
1620845
1632116
167
1366581
1112051
902258
704405
879018
126573
1141310
1709249
406389
52450
826816
145025
1095112
1705603
706895
501942
1667288
1610578
633139
273972
1338596
734324
1460235
1097845
775195
419746
553975
1079855
114890
715140
775039
1075556
1695812
1531335
1184913
962809
639619
330231
560644
424020
1615444
461657
167050
1220747
683054
28747
227552
1202042
117773
1648393
1231750
721203
132325
1637291
18838
1606155
326443
226505
1051918
59313
1560456
1223830
1430939
996478
1402320
28148
451471
605532
105351
469308
482198
956184
720843
89688
367495
1146186
48226
265115
557671
1624242
1414441
847675
1070318
1173562
1223556
689265
1593118
825570
329250
407590
52669
200910
545796
789285
483701
1048989
1285510
564670
486308
1356278
415645
729256
974024
1649496
1443630
1372830
605849
1163961
1144050
423385
1477901
1022497
699471
1524392
1530292
775343
1450224
6218
1166365
1106502
616190
677824
439612
466838
462574
870280
1407633
1376870
1387911
191293
691781
444506
9116
1342033
1318929
764223
193859
476509
1267466
322411
1349717
247380
1340613
1492720
1550641
470244
865380
1461692
1270110
608386
38238
538647
1016266
323064
1445297
1617334
1695004
259368
6637
1413005
1210369
1531658
1228308
1665294
270291
1125120
1700697
119693
200355
1373202
315641
904320
240475
1206016
139860
768826
489335
1326369
1486552
77050
31772
1697102
1018956
1542582
1141377
499819
1549626
1444704
1591193
350211
1219063
1393895
1419501
320441
515371
76247
1573577
1336792
1710220
477772
160052
486569
1596024
1628631
872622
39505
1382813
746580
1278190
1012071
758704
1559117
736419
1619716
877222
693929
914100
1641716
4682
1484723
772787
1023296
205318
1292157
729224
806894
1160984
1446642
201132
1029131
678053
1101558
740167
198683
1658754
710394
1037861
1457797
385941
969645
249173
755902
422694
933657
970862
712715
1017184
50284
767278
1343591
817618
1578784
1576444
1523928
1058658
866296
1244248
103396
1237483
837463
1337249
145947
535239
122982
663193
322120
1652421
1581926
1241212
43506
1287537
1056732
510469
864087
358012
1000901
1176840
1582463
187765
685524
454569
226010
1450736
197493
932950
1044926
1350939
303783
291230
501335
74301
473613
365151
481391
1091967
1539906
284639
1446201
793578
1695991
371914
1097284
844430
924082
1388291
638868
619661
1339087
181634
1366259
151330
1589275
1528141
888475
1594065
12092
787227
1098684
224093
559675
1126922
1670056
81356
282311
575990
1359009
267003
856696
1687354
1450095
1560893
1367773
1694433
1055933
1011073
806417
1053159
1705615
881223
586686
1337591
994641
190849
616989
1048137
954749
1689787
74914
333957
18194
1611718
1658529
1197336
798497
1553937
974337
952335
257347
1014735
1692031
1120022
1633136
67992
1205692
767752
1544605
1111000
1008735
448381
76868
1103340
1221480
1137858
486259
383858
1130117
798719
1460703
371936
135351
46515
1460597
241284
371595
1248835
46184
1486324
1181502
1226426
1599413
115951
660660
1465260
639701
64411
371409
1023968
1271560
36374
1511486
583868
197943
400304
38967
111895
975202
243036
831625
578869
1549034
684091
1214177
1301658
514292
1021308
1058517
846947
1200458
190614
357256
992524
762346
464217
1010117
278518
318935
628110
413847
646393
912944
279975
580324
332859
630296
321973
604145
679254
1203710
386181
1199658
801645
454183
638302
1584446
269885
1194756
1337829
527575
881539
59370
1662543
84077
1127227
1256094
1299563
693628
493803
805032
1128228
1023848
583852
1563110
1534594
1002699
674254
1054172
1509222
1369698
619336
1611548
269373
1100911
52697
323137
1330745
1073091
236902
310239
371448
985923
344164
1380791
239996
1463116
1066379
1064780
465334
817681
1286590
1544093
226626
389411
1131837
314594
1445453
1039538
118035
176131
536048
1226302
1531359
762960
905732
1404882
452739
87925
493283
568269
929652
905592
839797
714446
933196
1509503
1506924
237960
1047063
1002387
616713
1052091
1237448
1231998
365273
1644796
196043
1696422
1563410
1225857
289533
1470519
1650477
811963
203297
621872
1565979
143261
660388
162006
1368336
503296
1583047
1383432
1437670
1487127
99055
814924
1282328
1033507
1147505
371851
1135226
429559
814880
112256
709427
79449
387874
998075
147642
87796
799331
1678826
983598
1405985
1671427
269678
1485142
1019061
1593728
1302196
287722
975780
222183
549048
483774
223964
1289017
1332974
934224
562418
1064465
743163
1599074
1685853
432189
1010786
1078856
916902
340415
687580
1253854
217724
670868
1218330
1574383
961654
915657
71235
20455
930238
590228
429521
102093
281823
1253183
273345
65776
963674
553908
1658994
248453
278332
1209927
689991
1357038
953658
1294210
334421
937462
1654228
1050384
563450
1196907
728979
1447759
200
1405021
84377
1518728
791068
711001
560704
294182
149160
795081
278362
1300018
595762
238752
728775
651876
440236
1314742
1258172
1320526
490854
1202265
1649597
438505
1546074
1233273
1378256
926188
902372
976168
1415786
347893
1540629
1244595
897754
273833
1313828
467892
1419437
1043588
992526
1222383
1559940
220749
179984
1377460
561046
892301
603954
1538975
602806
1650414
59357
1129864
800272
701016
133924
976026
713023
1037882
313934
1692033
447174
314978
1300561
729440
568962
1321638
1692507
1313654
678086
131608
156163
1483219
1473458
1554012
295924
959426
1080228
1093839
1555020
381843
280393
1606995
1223941
510362
9341
726465
156100
484869
1368793
1416684
1238855
954271
554055
787138
229080
380644
588257
592801
1449450
229001
142334
99667
1606674
1455195
98235
342797
99642
471653
1108267
388778
26635
861280
821567
165418
151691
650383
163784
728712
1167447
1058961
1067267
1468802
1660757
938417
569358
65461
824939
1130022
445470
420717
1274549
250267
309312
1234729
34588
378925
327901
142773
252674
1671098
54847
1659392
574940
857385
1046439
309192
1236811
215571
1367448
251065
1699994
686536
487440
279158
1385788
231462
1475702
159213
1654621
1201349
1035005
1504208
1283216
1081261
1642402
868724
195508
1450890
1515878
1150257
1116283
1453364
721585
62027
616102
1278940
454736
21669
1117614
1265629
948179
835704
93527
1387853
1311791
1232647
1018453
1040510
965338
1603899
1260968
1338605
1669213
442195
389342
489201
1039568
1383838
1049100
154829
1600747
350592
481457
118405
1163875
1573966
582584
1567328
73475
1669432
460840
97774
1321934
1268179
1687430
1225885
366795
1491172
1428157
1630362
1470082
68283
1390167
189470
798207
639074
658722
1627008
751887
1112791
205236
871403
384789
1292928
1217972
1646090
1658494
386061
903720
160370
478943
1437843
1590179
628153
1411030
664678
1110314
1430217
1687779
1680459
1432739
1029807
703800
1010282
372844
946235
1014027
1261317
980667
209356
1015556
1288229
762258
1006069
1237047
1582883
222823
39082
1215562
1401747
492710
74019
187363
923477
463497
400056
481444
421168
792871
1114466
672886
167314
1363018
1296616
1160303
32374
840736
636710
835422
628457
1515550
279334
280809
1604159
365497
235621
598577
489130
1053810
397878
1204976
276076
1548083
1418010
27225
1172955
551904
1436616
919359
387810
592973
280512
806227
1395298
1467761
1695217
839728
1318531
1184790
1535274
1000080
1337322
629138
879123
276576
1569844
1253463
1512553
249574
1166045
731774
920171
245308
674795
1555124
393681
668763
1038147
507052
446713
369596
940000
192129
745000
775846
636782
519124
208274
1343312
1475584
845310
1279562
1546081
717592
1074521
1687461
444850
419744
209507
1281373
1009722
735042
598519
220485
121706
1025877
1318245
838993
170045
824526
695974
993620
1636675
759404
596003
217560
519212
100731
612963
1629785
1107463
400985
698159
1069776
475846
691942
712342
949449
231052
1264850
1249522
957392
1325099
915296
697265
778915
250451
70128
590984
1051978
323635
243148
1549854
1187726
307840
442455
473461
1203047
335714
1306319
382226
1172662
30954
1488774
118711
559019
950870
1256205
533170
502166
637319
1232417
837750
611750
198188
1178018
1430467
578008
23350
481731
534710
943054
1630190
112565
1313863
1053960
664198
150445
82673
1660626
1649320
1453779
1158666
722191
685920
433188
211432
1690868
1411914
156464
991804
1622062
1425101
340689
76520
432927
1544522
742695
1455677
754691
1168655
1433764
1318878
1244523
539601
366935
1300672
1378787
1332478
1649217
873114
1253983
519731
1420367
38062
1154659
201220
136384
789614
267894
1583932
229250
1023310
528363
1268520
253539
637873
889695
1439314
1059009
277257
10513
1506319
1141351
957798
1032122
932647
479841
761181
1109431
1274281
744888
1342476
1195838
1166576
648716
1535550
444811
79669
678743
1407611
258205
37264
447689
649232
1309683
824851
661340
494612
270526
1227970
337451
889967
1611834
553956
415755
1218948
335419
1488180
825038
6723
244149
1526501
1404256
829223
1255783
704286
1607135
80185
756842
1324076
722887
1047018
1070372
814572
1044911
1596209
1285317
630051
937276
940292
1067115
315522
1091871
217233
343757
1322930
347430
262418
1667090
1130594
640947
181383
296746
1199345
549134
394978
854424
96089
1035131
1524980
129403
373210
1599781
897823
779421
282997
1033781
1659884
295541
332406
470401
575093
1381033
10815
796126
1435827
1204675
91137
433167
827660
893505
349537
451584
90095
496933
1197424
799251
842276
1632775
521693
1436835
1647650
900367
1094535
1508842
1175199
872952
106797
1167630
1337098
758499
232722
359830
83047
1661742
424787
996009
29736
1379173
1448952
1487196
886724
25524
1288123
304815
931408
944761
1233426
973802
268341
295679
1193530
1702242
664819
837283
1653415
1217540
1577720
1078811
403097
1021420
475974
174720
43098
1093918
122828
410876
875404
810997
527824
1008526
1622938
1303735
125627
1336032
1362180
618974
1653535
1085632
121812
1163857
1237733
623109
1671323
921456
1042414
550906
1388109
828892
361110
455294
1417756
28573
1580989
118377
506101
293837
280247
988183
568244
793723
1667995
673663
1084168
1361742
422276
65588
18162
1260085
925960
1477417
1407168
1612606
1043733
574957
875005
269947
532033
616055
1377872
1538275
1289181
1025347
599593
442273
1118543
713805
427278
808149
797150
902029
397228
268541
1490685
870647
1574235
578755
1530736
1097475
1530300
486141
537942
926374
1052975
379002
482743
1543461
1265456
672630
214976
1110560
715188
1127177
960111
762831
305746
338122
1222358
1547119
800346
673194
591071
336048
422643
758576
609069
525991
1299981
1018514
255374
911216
36570
882913
1423371
1062678
1270283
1660937
117899
1071722
1191048
960909
1572945
533298
1294790
182429
1331298
1703170
1553701
1074300
1253433
1667161
735716
1476082
837743
87859
1477719
633181
120789
438292
1531064
1100810
1401461
385738
1685545
1111288
1674982
1688611
857905
776126
1353809
212288
9202
217897
1153622
717568
758210
1518509
1560155
971315
264148
1581951
1495266
1495663
251129
339074
211818
133314
449832
1427370
1539805
1598443
1340461
101897
450150
1638710
298980
1557691
870549
1549536
1597435
408323
1035150
858180
1111537
792986
260164
214462
248792
760245
1305336
1156971
896923
63431
714824
415686
414079
299225
136564
619042
1199769
1686771
1705960
1228501
1560908
388446
4655
938184
838248
1036388
680203
502502
1387140
44001
1125881
848221
1024210
1468354
1256745
631129
1504329
1273488
135212
1022663
551170
1699376
1680188
710357
1142841
1027738
482212
1454208
739330
1019899
1338004
1310544
911319
1076862
1477646
718234
563160
1290512
337
316246
999887
752596
1561340
375841
998534
134409
544898
1469433
632116
241984
1121640
1170482
183897
166062
139954
436869
1182050
1052680
1182882
1569974
728379
1381432
136820
966789
1660936
1671774
486707
786090
1314886
1069508
847808
1708827
1277790
1156082
1129883
1266393
446466
947524
1316327
144636
594795
623043
359094
233387
231872
361049
419922
301341
1063821
1371828
535320
1508293
248621
1138598
293617
1478945
1509590
850211
339177
1462857
36561
919051
651525
1360819
1126061
1443726
1251261
1087227
791325
82058
1307431
1134441
1083834
299637
1244100
543273
598485
1582585
432121
885649
1562685
1436192
1621389
581359
1428352
223942
523290
1563139
372932
102975
1153266
1041856
1607423
499176
1522901
105594
804474
983258
519452
312180
1365733
438444
1304779
1182880
519677
499114
533971
1114755
1152209
1094285
1577307
478670
1050521
1622429
1587438
1006666
645149
1139585
1299521
692752
1512044
1645626
73756
1104408
1018639
1495481
447943
642553
527645
1443350
261212
881762
553352
967679
1559662
178545
287302
489828
827698
1383705
310289
526177
535584
1062052
991857
312899
175115
200247
209775
1351548
578124
557144
1165164
904501
1412813
730017
442434
1675361
330812
1407995
1173541
249753
172607
60404
881068
765963
1512385
1530813
847435
813465
1701284
923350
509379
1238335
1532154
1345146
795897
1262567
481076
956949
1619842
1298176
332807
1203546
1700668
618797
1077738
375687
1593477
1053464
971473
1177880
1528821
441930
170030
1482286
817549
741692
208296
896765
611432
956245
788221
1585494
293046
1510221
688927
1530384
458905
456467
949789
1141728
1535713
810584
898075
1533311
1100487
168937
257969
832074
281710
62704
644180
870155
976600
1075870
437054
717439
461631
865392
763008
150609
84306
989383
1258351
328810
1443358
1307677
181631
622117
850224
1164335
747893
1702177
242498
210875
986407
309208
193614
1195412
476002
529351
1544470
1372253
573399
30085
1090159
1461357
1471061
1300208
417075
500897
64198
1380745
458206
1586579
940399
1044888
837628
1359121
1593289
1162701
1150738
216984
1430309
939620
195769
220772
505565
1335774
1634029
1483850
501798
1544095
1662698
1431004
1432553
843163
853949
1429184
1603706
1519671
822836
944405
1039996
1551254
776452
726135
1197540
58379
1149254
1591903
462940
1154916
769692
1707059
472191
1319523
910601
323340
42468
1060278
1509931
241606
361043
1700492
1546080
138773
881272
1500708
16331
966224
560621
1585770
1045380
1662968
1692957
1382028
1563363
708294
584882
932507
816912
1619079
974453
1195671
684168
555614
1119104
557922
563157
383387
1697116
526821
970743
1387088
1357976
1601922
719505
1212469
864477
1671971
904462
1395111
555371
1633595
924399
1343595
1134193
234455
914518
273359
435843
1192713
1017645
1666782
1352453
169149
1350476
932396
1395158
398960
1233632
844108
1578087
250259
450049
1640306
1588832
160749
1687471
14261
905463
27282
835333
1590253
708566
956467
1595689
1005630
1199233
1669090
1584428
1680633
440787
1408311
1304689
1094501
618066
1001728
489251
1366487
1293171
972065
97553
151182
667415
360856
884548
720362
607875
127685
751773
790897
1312076
430465
689312
469770
608745
40871
1531942
1240383
1689711
62699
1041624
1045694
975184
1225707
1153431
1457558
20736
14237
381182
1498321
670192
1028549
1677512
894206
1059909
160948
1119786
92992
818985
1461750
649712
1038519
1361548
653326
1209249
1624553
1350082
145935
613608
925481
1575077
1313697
365236
293785
1288271
1282864
911424
1349166
134747
653162
352946
897074
1407673
1116448
279632
318838
603574
1315318
1137560
428352
1029989
1538945
903826
561726
1264658
1625872
852482
1683093
499614
955464
421309
301237
1105084
887334
1007371
1061369
57955
1697282
1323467
682552
111222
1680951
685889
1036230
1534251
20272
1405819
910772
1429802
447697
590465
1061330
1606640
1400778
556071
505398
803960
1462661
1326483
1461334
227073
435177
1269790
717513
575381
235739
289888
974191
1468304
1213691
112261
1700094
82510
1668831
1523660
1075345
1646550
896917
393966
1625624
931455
344496
1418179
1624746
514562
605739
1168737
1549577
1683077
1186634
451639
214156
582888
1355735
1693542
1433156
1397448
1049392
1498639
186281
1354805
1006764
737477
1107746
1405606
1282979
422722
656606
925915
307888
1580645
228401
40173
796701
917433
1653476
460370
1437108
1086150
1272647
1165154
119797
670113
355557
384811
1144522
722314
607550
617950
357360
81591
1680801
483791
147524
735511
475541
1589861
1438535
1003105
1504596
1337764
1642791
973845
477799
1582355
281867
597997
145153
461667
575067
236028
1522460
797903
1157575
956248
459780
1345125
143795
495025
809900
335073
296801
1474767
1238796
294488
651425
1117112
437040
300111
1376462
1381891
1142735
1293116
1320690
1174
1004269
1554310
1192294
682429
856463
1420212
741657
633238
1040928
188242
1219679
1188412
773685
553433
1255897
1329073
56493
8062
388879
1362161
859209
1214361
1044832
1012389
1506321
960511
107727
1558018
822961
417444
1206100
896280
1096795
1566912
615421
403238
662685
1644466
1375864
1588706
1250620
27
1082141
819130
1305047
898013
1220951
1117813
261286
853172
463044
1548593
1468173
1530805
969341
924173
1179705
48058
1150983
987034
307405
1630479
667828
1375894
1095483
388696
1146661
1548076
1397801
1326923
1246714
874096
1605217
640795
1376198
1549789
702244
370309
671854
173595
1472241
169979
188676
1283092
55881
941991
455240
428241
1597156
123134
1042683
307843
861945
268255
1305996
850798
1595326
1042344
1363730
1108070
1531554
1233209
1509085
960328
901942
232188
1271755
835958
1664874
1275270
613568
1283256
756781
73596
1498162
1216865
1473790
1233204
1411274
1286099
931931
1655595
660501
975950
161511
622374
867738
865394
1217985
1589597
191338
90338
1132177
63742
220644
445768
1256719
1219610
1513776
982526
1307732
307897
486709
1172066
1225890
371959
77336
1384231
1525670
1410427
441739
937726
1663692
1608307
1621386
1457782
1643832
1110133
506238
1132936
980719
852620
1648916
625542
282972
859973
101446
171832
457681
1021168
1433041
1426460
1016612
1370486
1557285
1168827
1124013
438019
345162
730803
1366135
1687488
71240
90290
478245
1547816
508276
1153665
1301707
207214
486604
552338
1454677
537574
129474
324964
1182388
996113
453608
209542
416441
1166063
645853
972924
813327
1631440
1626872
1293833
887079
1648937
521646
445639
1169093
406637
871883
1204778
867765
349230
966396
1535500
1056660
369103
218055
921758
1158776
1664986
446212
944253
1070101
858283
1470303
844419
930287
1596499
1053742
1636327
1057887
763335
1459182
1322349
469046
756544
89062
1623785
83297
1387588
1664946
882133
1263964
1168188
1677297
542462
172421
1504326
1563893
148272
1105053
33800
909790
293831
1237674
130692
1452756
836118
993937
1307727
691464
1010930
700087
1089583
150378
1422129
221624
1627992
987662
1462882
389776
1344476
1141219
484052
421816
1425957
457435
894214
1523555
492524
560057
273540
640835
465781
1141959
169465
521411
507839
971486
1572062
425689
1268443
1478716
333206
509842
350209
667506
493930
646068
234309
113787
780749
1059985
497706
1017988
428035
1644621
736805
947463
1215752
975096
332330
1437819
756242
227407
158825
1697135
270490
428842
1064788
727380
139794
845363
1282943
695824
518593
1118075
669885
560326
1533882
1173102
1616302
1626847
319209
1455265
270253
559401
454201
1516807
1338091
1637147
604359
188921
1079769
4286
712625
1627740
1451603
1576242
934635
1695506
460355
596005
355913
669790
256702
601022
1405422
273689
493151
976369
833157
1229969
364750
1057709
1371996
1102109
642262
1655085
16868
563366
1224309
435044
461925
684475
1191246
278691
329714
1305743
106822
1207615
829204
233112
1655137
1546093
1246198
1572477
1135779
555661
833641
713063
1190597
1206826
338720
1515180
1424843
1225567
1375538
1595812
1187291
113386
406143
660135
1611192
487806
443430
190366
640885
1478153
167893
621485
781115
589499
111497
1682537
336457
131353
625826
1299207
1071928
714353
22748
1443785
1203983
441783
821317
577392
1523958
187023
56696
1427904
1390660
773338
1592164
1611354
1679869
436054
948411
408439
247908
1365674
1127424
195774
664774
216935
818888
1147863
93356
303007
129138
1112715
114878
812259
498341
774112
810794
1146130
1355777
1631565
697724
432938
1697007
485828
570696
302430
569276
1419438
447454
572080
1353511
108541
1253928
300634
579975
1262304
828784
439784
1029107
1445737
357263
832281
429605
1017296
1239307
674850
1078702
1077979
1015128
639610
854877
189310
681479
1540769
1244062
258222
820294
253516
480258
705648
1556714
134042
1300491
1460564
341066
1121398
1270855
1341395
803135
343006
1603500
828913
1136756
1659542
901112
1531980
1234000
1083686
26482
1551643
711327
840292
513883
459799
998693
496500
802188
1477057
62583
1415779
135275
1474019
552783
1321496
1195199
285270
425184
738154
498632
1584445
1151566
640646
1439524
1689001
33542
1064574
1589592
1494085
1659601
841200
220693
672135
266234
718289
912413
481610
750807
219019
1195174
262479
1138875
37859
296979
784507
770623
1344310
1299086
426959
378067
1340458
278945
370607
674980
411200
1507050
1160711
39861
278416
97966
1496694
962207
1423429
1047058
1329803
686760
447981
44490
205282
735515
594
1163135
39689
1057571
911833
21276
845036
316793
576283
902551
835893
1261137
200131
617140
1686512
795961
1363624
561493
1277991
1630607
981130
1021296
1082959
1552504
529117
808232
1188230
1578074
1401921
423694
92034
1278522
1063867
1173661
99321
1519097
80445
1300477
1435868
1079172
261673
17181
777543
1647126
18948
533691
1030489
456407
820494
271782
780209
1352457
1026340
643223
247854
1660591
696057
1536304
1012395
1423627
271654
832216
928748
441411
1435281
593980
1589953
1495116
334478
1580747
73308
1121752
1500677
105906
1601680
195348
406312
1022613
35984
836969
1658052
704263
170952
594734
334202
828936
464136
362906
1036735
1376713
1615292
1059917
1211555
621825
174910
1692535
814439
446038
1243643
1169275
1249436
47772
67877
1550752
841755
1159263
398079
1388098
1379065
1548535
946764
58186
1709855
371069
166224
665296
159778
110448
1120018
1562739
855692
133795
1096056
1315253
1536640
217709
326781
624276
360599
1064152
1023295
1504573
1597364
1236016
270644
1099629
861664
52925
505378
424806
1047973
414465
1459128
173362
576569
915027
800594
539449
1591359
1707662
1523641
1383859
1614028
1649383
710846
684702
1347189
527230
1224383
529908
1601639
1207841
1248018
1109906
468706
1157337
1680991
1109165
805293
1567282
668747
763364
424544
646434
1042105
802567
1495136
410365
539673
871808
206688
206480
547877
1005743
1209735
1100671
440804
1392994
930812
106887
990909
206164
480756
1281085
911098
221902
1334201
1037656
567322
28550
1267563
1526553
1209795
619995
803814
529759
1630936
1702466
1531718
1507593
1237166
1277364
1631913
469589
1292950
800641
1409084
751453
108654
291112
1010504
360988
1215348
58967
824742
680829
978512
40561
1601683
612995
1480907
958808
892329
650393
56720
596558
620669
1470069
856216
500052
1189265
1666967
1313082
468436
1041028
1105605
1626735
618883
97324
1615644
59367
103595
1041373
892668
1168772
1155689
1035759
1127093
612072
872103
592095
1176883
906037
252766
1349557
1553059
1516816
1424997
35893
475686
1240759
725807
1100980
1472048
805651
649204
368410
653482
1038517
1216527
116214
394239
1375286
400373
608355
131945
533694
582229
1050264
446601
378671
903853
156382
904430
236489
1078202
340674
498103
1385153
1693288
1676743
864588
1446392
1588453
929282
980999
85200
1652560
929796
361126
257270
1369387
645741
279007
121538
1555543
615293
1384766
844927
846860
923628
1555318
6326
149716
1584710
532482
760235
69754
1340710
780809
1110890
1419636
951008
1031093
892842
1211598
358773
408462
497906
145123
142950
991694
1297721
176826
1151058
885762
193655
1600072
285983
623474
402788
1484570
841377
977004
406029
514201
421318
1344334
1494306
1338687
272485
888154
683331
529050
781894
503512
1074275
1252740
982719
777733
451781
1154725
385983
998960
419226
1311249
874842
1178579
1290737
1551390
648254
1368623
1126799
632478
1609279
1139459
128008
30531
991608
384013
1292322
1556687
1016146
1244527
1095667
1264962
549199
625913
364374
1273833
1577890
1294702
320252
410913
523605
938612
836465
1171721
990770
993969
121923
293020
1649612
1541065
36230
499580
1530603
141002
183814
333694
385977
655276
357365
39440
902905
914964
344486
345935
577059
1208481
963905
805434
1313783
65154
1445645
723581
448037
173979
541445
351548
924766
1648038
1197449
1263374
803500
731996
1217619
713815
1610133
1264968
1214573
1146320
124733
132118
39819
1137449
402769
1159096
792651
433847
673012
208903
1184573
86778
1432682
542968
1502579
1174794
1315869
731843
745535
80631
349893
450508
1465457
1023996
1328109
967617
649308
474007
1232947
1216495
412378
420698
828262
1566021
1218704
176583
1601692
724680
966023
733605
335650
124699
1229018
498115
46762
1641886
636003
610173
568136
383249
1257560
763697
815457
1304469
770577
949756
885761
867156
712526
1339115
1412250
687905
1124435
387152
19763
812554
1027262
1344042
1121685
497209
1445059
576129
30128
963044
57429
1501229
703149
1383687
9276
1499436
1558533
1035580
401857
835369
1433172
1220103
1598220
6982
984418
26223
232284
1278894
216125
1573402
1027522
411051
241727
1068464
871707
1294911
1162281
1588663
954432
637925
1678863
1388587
1227482
289148
414579
1250235
373815
883544
1399953
1165936
562062
395999
1020054
126088
1588849
695742
1199355
782765
1060517
116473
1557239
309564
158580
945446
675030
246660
20811
1006525
893758
969572
948004
1256040
720257
692854
1075473
978870
1273784
273631
505008
1061962
1405911
1652356
735324
1027468
1158454
1123253
1135552
886295
728106
347983
301347
114739
1275940
1295489
1598596
1473362
827378
900171
679600
313442
343744
416026
1479742
1038820
930618
1313208
1342935
1053770
1383455
1546910
610409
1375636
580079
537912
832193
1648689
1207463
132791
1249040
857734
945510
1587982
730101
949504
681074
269543
1529626
374668
1318171
1155734
338938
397860
394448
1264941
1583125
55272
633075
1255327
862751
983460
1565360
58651
1276044
1185117
1532649
619565
773645
1506523
102792
494601
510365
1605345
567796
819313
96796
607726
1147867
654472
1626578
1701701
560806
946738
823747
1573171
892030
598666
1656042
1440560
1456668
348871
955297
1339955
11790
1488454
173734
1317493
181606
349849
558045
1312854
22575
1547485
188970
1634252
540854
157421
373249
914817
980677
1198854
1290864
1679203
1188087
216847
1550587
602028
595896
162813
658176
568059
714286
264243
932002
1303085
1400168
1527066
1701952
500592
1313963
573465
1471683
342021
1264374
828240
917895
1368781
1378966
438554
1388474
850402
347079
1348567
651070
134175
194033
968660
1126293
263837
385444
977928
1669394
541820
1421790
621761
1231359
704925
1234467
729587
1252710
1080604
1536324
1561587
313494
86480
1704381
1348846
794755
134056
109261
122161
1636106
998932
800270
1016043
716729
201288
1226659
1432523
1005846
1244931
922955
1469217
1251443
1327957
1595623
868723
712012
1403280
899549
140482
288777
1378339
86733
1303177
91443
137491
1675449
28377
812342
502420
1184837
81982
674706
744820
239828
570589
103751
311571
121133
70798
1532132
1564707
418484
666911
861016
1042926
1452630
1526618
570581
1660950
45339
1662808
887508
60655
1155308
597208
416101
137823
605189
568171
99765
1158319
500569
1363511
551314
252428
760872
451501
582853
1591281
1636079
1003727
941121
761006
1681301
561691
1536995
254027
354691
1398780
1288548
62728
650474
244347
296455
1096993
500889
941784
324491
1595886
1412515
1269300
1024149
138801
528842
1116566
1431361
1249873
154038
1128919
198932
1199608
249860
703420
1404347
879193
160378
201519
555875
627429
1493607
348255
1501839
98280
186604
835956
7198
884408
1469054
1312367
572440
228882
1016945
809177
647462
166207
1317652
15384
669680
972648
1410177
296949
748925
727776
587137
1513651
327800
458843
926485
976251
958558
475444
114854
768999
737560
1237470
866861
1589494
156070
1118897
212862
961147
1325764
867797
339517
1382146
1584702
1190506
1097570
142992
450575
257464
519093
1227825
1254372
142115
839108
1513118
890742
380481
411860
1062475
133895
431108
90962
1439655
979411
658010
1656434
1261640
319504
525302
342832
733326
1157802
1422101
1282226
1364175
320074
178421
1001469
598425
402930
835772
1310948
1345631
1083675
290760
996307
28826
283550
590939
1490632
975846
1234468
63136
1342394
421114
70835
1631206
6940
1506101
1106424
764593
813023
77800
814127
290909
1136279
1618403
1252011
138621
1538117
1608912
1415110
1359268
102280
513867
642449
572954
1542435
1458884
993112
1583212
715122
318773
681588
709103
1068203
1489811
1634315
1373158
631307
591903
1686298
1595898
85568
378821
1119559
1292903
223676
1189838
467764
33112
524081
473013
238121
857011
1557159
1118062
1057816
1432346
84058
345007
972179
1601325
476829
1613978
1026435
1424113
1463773
1256621
98140
1656687
809232
441855
563083
558073
1068192
661998
1241818
110244
581912
375331
192410
317450
707679
1285557
32135
938275
681890
897925
749473
385611
387306
105889
1221977
1333044
1456082
484599
956015
760592
1661949
663550
1393014
1262624
228656
541033
1195690
1407054
1087178
151818
677187
105499
1527020
502167
156418
1370981
147715
1556740
258757
1593288
1276929
901806
313176
170288
1319064
254055
413554
455953
970924
862040
582601
443696
343996
1326939
818153
1686401
16515
1452736
485813
1174852
1430025
397487
173017
1683335
1024617
1563795
22100
969166
34257
944231
195916
710923
761444
594831
299650
334902
1233038
341515
133629
1438980
1185487
601339
1467972
1299291
1137654
1494181
597493
1181694
892646
1345867
546958
1159099
397141
138999
243725
1521357
1062044
466902
406812
589008
1482070
1263007
1356183
1396264
1404583
466284
3447
890412
1345150
1579886
921115
59291
716621
789204
659578
273737
729742
1529453
245063
1137143
985427
1552204
1044744
366140
848352
375499
903440
1098813
1398741
252676
23860
1002282
1595
999409
11342
1037642
696111
1478108
745360
2195
1637206
599808
1047436
544795
1676519
346017
1430779
1122858
33360
76374
1351591
1418487
1634856
1004424
1194156
308355
1084149
418140
1633856
786505
134444
1193642
899388
51402
1069355
589701
1652122
1373804
261481
737044
828348
680872
1253597
666379
252981
1325535
906802
1581629
1304292
1698970
604483
696669
639821
775391
152443
721686
551580
1268183
772322
668133
1570866
1525992
449505
35626
1312579
309816
1168375
400846
1610848
145694
883658
801495
1026330
323733
577851
223560
670074
1631228
43941
1011031
991948
235966
721407
1533593
608779
742107
1449713
1088242
886215
333324
1526991
1374290
775537
304824
735808
84508
857105
1496159
1682426
412815
1424301
1379370
829729
881871
1710609
614901
818742
594378
411485
469537
1008965
1444014
158345
185606
652592
1526273
1032782
1435664
1450233
319219
369688
1622912
1234170
172821
73047
325121
782624
1175059
36428
176148
586862
1426545
1469042
1029326
336586
1236063
321574
34839
1111362
658564
1211974
377878
769445
285645
1612157
1198053
1210512
643712
1039858
463103
646798
1469859
1666318
81156
269484
1218452
1040063
1241457
422021
1198240
869393
177626
871443
581040
475490
1324626
1669573
929268
1061354
99020
1372706
720491
369865
337933
373173
1547193
530859
676443
436276
934434
1372037
403254
923271
837589
767656
1114324
889215
201441
834332
1051890
80552
725274
620439
1545798
1542508
1187954
838998
1482844
98794
1280479
474211
901281
1313354
561151
1109136
653544
1266608
20824
1531669
215905
269753
1486295
462833
1400740
613718
104843
546893
1086144
94889
147139
1580140
276698
1325195
88189
1362999
481429
795878
123237
1530262
796892
181643
260605
608788
1026198
1404842
1064575
124590
61623
517163
364816
1439704
1308161
1373801
301901
604333
946538
1449376
266596
392250
767953
429315
739214
360448
961488
796788
216226
763902
978061
750221
1395906
624514
1700996
144149
52568
545180
457299
1102500
1426262
1172539
712770
602739
1380633
911754
1556320
778663
390753
1105399
1426624
84881
467182
1223282
671285
1569223
519483
1548724
146012
1258924
1251028
1396427
921282
297872
1250342
1630280
1365322
1434771
279916
516296
1375849
335821
170641
293540
376539
1704050
1149205
1303788
790979
259936
1179456
1066157
1179427
771595
1486498
318080
960348
1293798
108696
851884
302890
444064
1698415
985335
1535844
660485
227926
795141
149379
547151
224232
498100
1169340
1384001
743289
11682
1562860
1501395
493984
636251
1310813
54939
739824
894171
272580
492913
896420
959144
1636942
193405
620131
1151056
1210711
1680664
721417
828584
350002
265275
939642
1384025
1381953
1108313
1048452
1206230
1295254
378464
445121
